	Data Name	L*(D50)	a*(D50)	360nm	b*(D50)	370nm	380nm	390nm	400nm	410nm	420nm	430nm	440nm	450nm	460nm	470nm	480nm	490nm	500nm	510nm	520nm	530nm	540nm	550nm	560nm	570nm	580nm	590nm	600nm	610nm	620nm	630nm	640nm	650nm	660nm	670nm	680nm	690nm	700nm	710nm	720nm	730nm	740nm
590 	[Retrieved Data]1 (5/14/2024 10:49:13 AM)	54.40	64.68	4.64	49.64	4.64	4.64	4.64	4.64	4.49	4.41	4.36	4.32	4.34	4.44	4.58	4.83	5.24	5.81	6.26	6.46	6.55	6.51	6.36	6.75	9.19	16.59	30.95	49.66	67.50	79.94	86.99	90.43	91.81	92.41	92.67	92.83	92.98	92.95	92.95	92.95	92.95	92.95
590 	[Retrieved Data]1 (5/14/2024 10:49:13 AM)	49.89	71.17	1.77	66.63	1.77	1.77	1.77	1.77	1.56	1.44	1.30	1.17	1.12	1.11	1.15	1.28	1.56	2.03	2.36	2.51	2.61	2.57	2.43	2.80	5.19	12.50	26.77	45.37	63.15	75.59	82.63	86.04	87.45	88.04	88.34	88.49	88.63	88.60	88.60	88.60	88.60	88.60
591 	[Retrieved Data]2 (5/14/2024 10:49:13 AM)	58.11	4.54	6.95	22.07	6.95	6.95	6.95	6.95	7.59	10.39	13.21	13.73	13.78	13.64	14.40	16.07	19.48	24.22	26.28	26.61	26.74	25.92	24.36	23.48	23.38	23.62	24.39	26.00	28.72	32.48	37.20	42.26	46.44	50.10	53.46	56.89	60.73	64.98	64.98	64.98	64.98	64.98
591 	[Retrieved Data]2 (5/14/2024 10:49:13 AM)	54.76	5.09	4.06	24.33	4.06	4.06	4.06	4.06	4.69	7.46	10.25	10.73	10.72	10.51	11.21	12.82	16.17	20.87	22.90	23.22	23.34	22.50	20.97	20.12	20.04	20.29	21.06	22.63	25.34	29.07	33.76	38.78	42.91	46.53	49.92	53.34	57.15	61.38	61.38	61.38	61.38	61.38
592 	[Retrieved Data]3 (5/14/2024 10:49:13 AM)	55.14	6.47	6.79	22.71	6.79	6.79	6.79	6.79	7.13	9.07	11.06	11.37	11.44	11.49	12.17	13.68	16.81	21.13	22.85	23.03	23.15	22.41	21.04	20.39	20.51	20.93	21.82	23.47	26.20	29.93	34.66	39.72	43.94	47.63	51.08	54.59	58.54	62.93	62.93	62.93	62.93	62.93
592 	[Retrieved Data]3 (5/14/2024 10:49:13 AM)	51.49	7.28	3.86	25.62	3.86	3.86	3.86	3.86	4.19	6.10	8.05	8.33	8.34	8.32	8.96	10.42	13.51	17.77	19.47	19.63	19.74	18.99	17.67	17.03	17.15	17.59	18.48	20.10	22.83	26.54	31.20	36.24	40.44	44.08	47.53	51.05	54.93	59.33	59.33	59.33	59.33	59.33
593 	[Retrieved Data]4 (5/14/2024 10:49:13 AM)	56.19	4.57	6.59	23.88	6.59	6.59	6.59	6.59	6.98	9.04	11.13	11.47	11.56	11.62	12.39	14.04	17.43	22.18	24.27	24.63	24.79	23.98	22.47	21.63	21.52	21.70	22.41	23.94	26.62	30.33	35.02	40.09	44.30	47.98	51.43	54.93	58.86	63.24	63.24	63.24	63.24	63.24
593 	[Retrieved Data]4 (5/14/2024 10:49:13 AM)	52.67	5.16	3.74	26.77	3.74	3.74	3.74	3.74	4.09	6.11	8.16	8.47	8.51	8.50	9.22	10.80	14.14	18.83	20.92	21.24	21.38	20.60	19.10	18.28	18.19	18.39	19.10	20.60	23.24	26.94	31.60	36.63	40.79	44.47	47.88	51.39	55.30	59.67	59.67	59.67	59.67	59.67
594 	[Retrieved Data]5 (5/14/2024 10:49:13 AM)	58.35	6.44	6.67	25.07	6.67	6.67	6.67	6.67	7.21	9.68	12.16	12.58	12.63	12.56	13.32	14.97	18.38	23.21	25.44	25.93	26.20	25.53	24.15	23.58	23.89	24.54	25.64	27.44	30.27	34.06	38.80	43.83	47.96	51.53	54.83	58.22	61.96	66.11	66.11	66.11	66.11	66.11
594 	[Retrieved Data]5 (5/14/2024 10:49:13 AM)	55.05	7.14	3.81	27.77	3.81	3.81	3.81	3.81	4.34	6.79	9.22	9.61	9.61	9.46	10.17	11.76	15.10	19.90	22.07	22.54	22.82	22.15	20.79	20.24	20.58	21.23	22.30	24.09	26.89	30.70	35.36	40.36	44.45	48.02	51.35	54.69	58.41	62.56	62.56	62.56	62.56	62.56
595 	[Retrieved Data]6 (5/14/2024 10:49:13 AM)	54.34	4.20	6.40	24.94	6.40	6.40	6.40	6.40	6.60	8.06	9.60	9.81	9.92	10.10	10.85	12.45	15.75	20.46	22.61	23.01	23.15	22.35	20.85	19.98	19.77	19.83	20.42	21.85	24.43	28.08	32.72	37.78	41.99	45.72	49.21	52.81	56.83	61.36	61.36	61.36	61.36	61.36
595 	[Retrieved Data]6 (5/14/2024 10:49:13 AM)	50.62	4.81	3.49	28.48	3.49	3.49	3.49	3.49	3.69	5.12	6.63	6.80	6.85	6.96	7.65	9.20	12.45	17.14	19.25	19.63	19.76	18.95	17.49	16.62	16.45	16.52	17.10	18.50	21.08	24.69	29.31	34.32	38.53	42.23	45.73	49.30	53.29	57.83	57.83	57.83	57.83	57.83
596 	[Retrieved Data]7 (5/14/2024 10:49:13 AM)	56.62	6.03	6.44	25.91	6.44	6.44	6.44	6.44	6.81	8.75	10.70	11.01	11.08	11.14	11.87	13.45	16.76	21.52	23.83	24.42	24.71	24.00	22.60	21.94	22.11	22.57	23.53	25.24	28.00	31.74	36.47	41.53	45.69	49.31	52.71	56.16	60.01	64.30	64.30	64.30	64.30	64.30
596 	[Retrieved Data]7 (5/14/2024 10:49:13 AM)	53.15	6.77	3.61	29.06	3.61	3.61	3.61	3.61	3.95	5.86	7.77	8.06	8.06	8.04	8.71	10.23	13.49	18.19	20.46	21.04	21.32	20.61	19.23	18.61	18.78	19.26	20.22	21.88	24.64	28.38	33.05	38.06	42.20	45.83	49.20	52.66	56.48	60.76	60.76	60.76	60.76	60.76
597 	[Retrieved Data]8 (5/14/2024 10:49:13 AM)	58.83	7.88	6.58	27.06	6.58	6.58	6.58	6.58	7.10	9.46	11.80	12.20	12.21	12.11	12.78	14.34	17.58	22.36	24.90	25.75	26.23	25.64	24.38	23.98	24.57	25.52	26.90	28.89	31.79	35.64	40.38	45.37	49.42	52.93	56.17	59.45	63.12	67.16	67.16	67.16	67.16	67.16
597 	[Retrieved Data]8 (5/14/2024 10:49:13 AM)	55.58	8.69	3.74	30.02	3.74	3.74	3.74	3.74	4.25	6.58	8.90	9.25	9.19	9.02	9.66	11.15	14.33	19.06	21.54	22.39	22.85	22.26	21.02	20.65	21.26	22.21	23.58	25.51	28.43	32.26	36.94	41.89	45.95	49.43	52.65	55.94	59.57	63.60	63.60	63.60	63.60	63.60
598 	[Retrieved Data]9 (5/14/2024 10:49:13 AM)	54.38	3.99	7.01	20.71	7.01	7.01	7.01	7.01	7.36	9.27	11.27	11.59	11.70	11.78	12.47	13.97	17.09	21.38	23.12	23.28	23.33	22.44	20.89	19.97	19.66	19.60	20.11	21.47	24.03	27.64	32.28	37.32	41.52	45.25	48.76	52.38	56.41	60.95	60.95	60.95	60.95	60.95
598 	[Retrieved Data]9 (5/14/2024 10:49:13 AM)	50.54	4.58	4.10	23.32	4.10	4.10	4.10	4.10	4.40	6.27	8.24	8.51	8.55	8.55	9.20	10.65	13.71	17.95	19.63	19.78	19.82	18.94	17.43	16.53	16.24	16.21	16.68	18.01	20.56	24.16	28.72	33.70	37.89	41.60	45.12	48.70	52.67	57.23	57.23	57.23	57.23	57.23
599 	[Retrieved Data]10 (5/14/2024 10:49:13 AM)	54.83	5.20	6.92	21.83	6.92	6.92	6.92	6.92	7.25	9.16	11.14	11.44	11.54	11.63	12.34	13.86	17.00	21.33	23.05	23.22	23.31	22.49	21.03	20.25	20.16	20.34	21.03	22.54	25.17	28.85	33.52	38.60	42.78	46.50	49.97	53.56	57.52	61.99	61.99	61.99	61.99	61.99
599 	[Retrieved Data]10 (5/14/2024 10:49:13 AM)	51.10	5.88	4.01	24.60	4.01	4.01	4.01	4.01	4.32	6.20	8.13	8.40	8.42	8.45	9.11	10.57	13.65	17.93	19.63	19.79	19.86	19.05	17.63	16.86	16.78	16.96	17.65	19.13	21.75	25.40	30.03	35.05	39.24	42.93	46.40	49.96	53.91	58.36	58.36	58.36	58.36	58.36
600 	[Retrieved Data]11 (5/14/2024 10:49:13 AM)	56.83	6.64	6.98	22.90	6.98	6.98	6.98	6.98	7.45	9.75	12.07	12.43	12.51	12.50	13.22	14.77	17.99	22.43	24.26	24.50	24.67	23.94	22.58	21.99	22.22	22.75	23.76	25.51	28.31	32.08	36.81	41.85	46.02	49.65	53.01	56.45	60.28	64.54	64.54	64.54	64.54	64.54
600 	[Retrieved Data]11 (5/14/2024 10:49:13 AM)	53.36	7.39	4.07	25.54	4.07	4.07	4.07	4.07	4.53	6.80	9.07	9.41	9.42	9.35	10.01	11.51	14.70	19.10	20.89	21.10	21.26	20.54	19.19	18.62	18.87	19.43	20.42	22.11	24.90	28.66	33.36	38.36	42.50	46.12	49.50	52.92	56.72	60.97	60.97	60.97	60.97	60.97
601 	[Retrieved Data]12 (5/14/2024 10:49:13 AM)	57.92	4.77	6.78	24.28	6.78	6.78	6.78	6.78	7.26	9.65	12.03	12.45	12.56	12.60	13.40	15.13	18.63	23.60	25.79	26.18	26.37	25.60	24.10	23.32	23.33	23.63	24.44	26.07	28.81	32.56	37.30	42.36	46.53	50.17	53.54	56.98	60.80	65.04	65.04	65.04	65.04	65.04
601 	[Retrieved Data]12 (5/14/2024 10:49:13 AM)	54.59	5.33	3.94	26.90	3.94	3.94	3.94	3.94	4.41	6.75	9.10	9.48	9.53	9.51	10.26	11.92	15.37	20.29	22.46	22.81	22.99	22.22	20.76	19.99	20.02	20.33	21.14	22.73	25.44	29.19	33.89	38.89	43.05	46.66	50.05	53.45	57.25	61.49	61.49	61.49	61.49	61.49
602 	[Retrieved Data]13 (5/14/2024 10:49:13 AM)	55.15	6.45	6.67	24.65	6.67	6.67	6.67	6.67	6.93	8.58	10.28	10.50	10.61	10.76	11.47	13.01	16.19	20.67	22.61	22.93	23.11	22.40	21.07	20.48	20.65	21.08	21.97	23.63	26.35	30.09	34.79	39.83	44.02	47.68	51.13	54.65	58.56	62.96	62.96	62.96	62.96	62.96
602 	[Retrieved Data]13 (5/14/2024 10:49:13 AM)	51.48	7.24	3.79	27.95	3.79	3.79	3.79	3.79	4.01	5.62	7.28	7.47	7.51	7.59	8.27	9.74	12.87	17.30	19.21	19.52	19.69	18.99	17.69	17.10	17.28	17.71	18.60	20.22	22.93	26.66	31.30	36.33	40.49	44.14	47.59	51.09	54.96	59.35	59.35	59.35	59.35	59.35
603 	[Retrieved Data]14 (5/14/2024 10:49:13 AM)	56.27	4.49	6.49	25.92	6.49	6.49	6.49	6.49	6.78	8.52	10.31	10.60	10.72	10.89	11.68	13.37	16.85	21.84	24.16	24.63	24.83	24.04	22.57	21.79	21.72	21.91	22.62	24.16	26.82	30.54	35.24	40.30	44.51	48.19	51.61	55.13	59.05	63.42	63.42	63.42	63.42	63.42
603 	[Retrieved Data]14 (5/14/2024 10:49:13 AM)	52.76	5.05	3.63	29.20	3.63	3.63	3.63	3.63	3.90	5.60	7.37	7.61	7.67	7.77	8.51	10.16	13.57	18.52	20.81	21.26	21.43	20.66	19.22	18.45	18.40	18.60	19.30	20.81	23.46	27.15	31.80	36.84	41.00	44.67	48.11	51.62	55.50	59.86	59.86	59.86	59.86	59.86
604 	[Retrieved Data]15 (5/14/2024 10:49:13 AM)	58.45	6.33	6.63	26.02	6.63	6.63	6.63	6.63	7.13	9.46	11.81	12.22	12.28	12.26	12.99	14.62	18.03	23.03	25.47	26.06	26.37	25.68	24.30	23.71	24.01	24.66	25.79	27.60	30.45	34.24	38.98	43.97	48.08	51.64	54.93	58.28	62.00	66.13	66.13	66.13	66.13	66.13
604 	[Retrieved Data]15 (5/14/2024 10:49:13 AM)	55.16	6.98	3.78	28.94	3.78	3.78	3.78	3.78	4.25	6.55	8.87	9.23	9.24	9.12	9.83	11.40	14.77	19.70	22.12	22.70	23.00	22.31	20.96	20.38	20.70	21.34	22.44	24.24	27.08	30.85	35.53	40.48	44.60	48.13	51.43	54.77	58.46	62.57	62.57	62.57	62.57	62.57
605 	[Retrieved Data]16 (5/14/2024 10:49:13 AM)	47.75	6.43	6.60	18.46	6.60	6.60	6.60	6.60	6.64	7.56	8.58	8.65	8.69	8.82	9.29	10.37	12.76	16.05	17.22	17.18	17.14	16.33	14.97	14.15	13.99	14.15	14.74	16.05	18.34	21.62	25.92	30.69	34.79	38.47	42.01	45.72	49.94	54.81	54.81	54.81	54.81	54.81
605 	[Retrieved Data]16 (5/14/2024 10:49:13 AM)	43.14	7.54	3.73	21.81	3.73	3.73	3.73	3.73	3.73	4.63	5.60	5.62	5.60	5.67	6.11	7.13	9.46	12.73	13.86	13.82	13.77	12.96	11.61	10.82	10.68	10.84	11.43	12.71	14.98	18.25	22.46	27.23	31.27	34.93	38.49	42.17	46.36	51.22	51.22	51.22	51.22	51.22
606 	[Retrieved Data]17 (5/14/2024 10:49:13 AM)	56.30	4.50	7.08	21.09	7.08	7.08	7.08	7.08	7.57	9.95	12.42	12.85	12.92	12.87	13.57	15.11	18.30	22.78	24.65	24.89	24.97	24.12	22.60	21.73	21.56	21.65	22.31	23.79	26.43	30.12	34.83	39.87	44.10	47.77	51.23	54.76	58.69	63.07	63.07	63.07	63.07	63.07
606 	[Retrieved Data]17 (5/14/2024 10:49:13 AM)	52.76	5.07	4.16	23.45	4.16	4.16	4.16	4.16	4.63	7.00	9.44	9.82	9.84	9.70	10.37	11.85	15.00	19.43	21.26	21.48	21.55	20.70	19.21	18.36	18.20	18.31	18.95	20.41	23.03	26.71	31.37	36.39	40.56	44.23	47.67	51.19	55.10	59.46	59.46	59.46	59.46	59.46
607 	[Retrieved Data]18 (5/14/2024 10:49:13 AM)	56.48	5.63	7.05	21.98	7.05	7.05	7.05	7.05	7.51	9.82	12.18	12.57	12.65	12.63	13.35	14.90	18.12	22.57	24.39	24.59	24.70	23.91	22.47	21.77	21.82	22.13	22.96	24.59	27.29	31.02	35.74	40.79	44.98	48.64	52.05	55.53	59.43	63.75	63.75	63.75	63.75	63.75
607 	[Retrieved Data]18 (5/14/2024 10:49:13 AM)	52.96	6.31	4.12	24.49	4.12	4.12	4.12	4.12	4.57	6.85	9.18	9.54	9.57	9.47	10.14	11.65	14.82	19.22	20.99	21.19	21.29	20.50	19.08	18.39	18.45	18.77	19.60	21.20	23.89	27.61	32.27	37.30	41.45	45.10	48.51	52.01	55.82	60.14	60.14	60.14	60.14	60.14
608 	[Retrieved Data]19 (5/14/2024 10:49:13 AM)	58.70	7.38	7.02	23.47	7.02	7.02	7.02	7.02	7.62	10.38	13.10	13.58	13.65	13.54	14.27	15.87	19.17	23.79	25.71	26.00	26.21	25.53	24.21	23.74	24.21	25.02	26.27	28.18	31.10	34.93	39.66	44.68	48.77	52.32	55.60	58.91	62.59	66.66	66.66	66.66	66.66	66.66
608 	[Retrieved Data]19 (5/14/2024 10:49:13 AM)	55.44	8.13	4.13	25.89	4.13	4.13	4.13	4.13	4.72	7.44	10.15	10.60	10.61	10.41	11.10	12.66	15.89	20.48	22.37	22.63	22.84	22.15	20.86	20.42	20.89	21.71	22.96	24.84	27.73	31.55	36.25	41.19	45.28	48.80	52.08	55.39	59.04	63.13	63.13	63.13	63.13	63.13
609 	[Retrieved Data]20 (5/14/2024 10:49:13 AM)	54.68	5.16	6.74	23.70	6.74	6.74	6.74	6.74	6.99	8.60	10.28	10.53	10.64	10.81	11.54	13.11	16.31	20.80	22.72	23.02	23.14	22.35	20.92	20.17	20.11	20.30	21.01	22.52	25.15	28.81	33.48	38.52	42.73	46.44	49.93	53.48	57.47	61.94	61.94	61.94	61.94	61.94
609 	[Retrieved Data]20 (5/14/2024 10:49:13 AM)	50.94	5.84	3.82	26.93	3.82	3.82	3.82	3.82	4.03	5.62	7.27	7.46	7.52	7.62	8.31	9.83	12.97	17.42	19.30	19.58	19.69	18.91	17.52	16.78	16.75	16.94	17.62	19.10	21.72	25.36	30.00	35.01	39.20	42.87	46.34	49.89	53.86	58.32	58.32	58.32	58.32	58.32
610 	[Retrieved Data]21 (5/14/2024 10:49:13 AM)	56.85	6.82	6.77	24.85	6.77	6.77	6.77	6.77	7.15	9.20	11.25	11.56	11.66	11.73	12.46	14.04	17.34	21.98	24.00	24.35	24.57	23.88	22.56	22.04	22.35	22.96	24.01	25.78	28.59	32.38	37.10	42.13	46.29	49.89	53.26	56.68	60.48	64.75	64.75	64.75	64.75	64.75
610 	[Retrieved Data]21 (5/14/2024 10:49:13 AM)	53.41	7.57	3.90	27.82	3.90	3.90	3.90	3.90	4.25	6.28	8.30	8.57	8.61	8.60	9.29	10.82	14.06	18.66	20.66	21.00	21.21	20.50	19.21	18.71	19.04	19.62	20.67	22.43	25.22	29.00	33.67	38.67	42.79	46.38	49.75	53.15	56.93	61.17	61.17	61.17	61.17	61.17
611 	[Retrieved Data]22 (5/14/2024 10:49:13 AM)	58.02	4.88	6.56	26.33	6.56	6.56	6.56	6.56	6.98	9.10	11.24	11.60	11.72	11.81	12.63	14.39	17.98	23.16	25.61	26.14	26.39	25.63	24.18	23.48	23.57	23.92	24.77	26.40	29.17	32.94	37.65	42.70	46.87	50.47	53.84	57.25	61.04	65.27	65.27	65.27	65.27	65.27
611 	[Retrieved Data]22 (5/14/2024 10:49:13 AM)	54.70	5.44	3.69	29.37	3.69	3.69	3.69	3.69	4.08	6.18	8.29	8.63	8.68	8.70	9.47	11.18	14.71	19.84	22.26	22.78	23.02	22.26	20.83	20.14	20.26	20.62	21.46	23.07	25.79	29.56	34.24	39.25	43.37	46.98	50.32	53.73	57.51	61.72	61.72	61.72	61.72	61.72
612 	[Retrieved Data]23 (5/14/2024 10:49:13 AM)	55.17	6.80	6.52	25.64	6.52	6.52	6.52	6.52	6.74	8.33	9.94	10.17	10.26	10.41	11.11	12.61	15.79	20.33	22.41	22.84	23.05	22.35	21.03	20.46	20.68	21.20	22.18	23.88	26.64	30.38	35.10	40.14	44.31	47.97	51.39	54.89	58.80	63.18	63.18	63.18	63.18	63.18
612 	[Retrieved Data]23 (5/14/2024 10:49:13 AM)	51.55	7.62	3.64	29.13	3.64	3.64	3.64	3.64	3.84	5.39	6.98	7.17	7.20	7.28	7.93	9.38	12.49	16.99	19.06	19.46	19.66	18.98	17.68	17.13	17.36	17.88	18.83	20.53	23.27	27.00	31.66	36.67	40.82	44.45	47.89	51.37	55.27	59.61	59.61	59.61	59.61	59.61
613 	[Retrieved Data]24 (5/14/2024 10:49:13 AM)	23.38	2.59	4.30	0.45	4.30	4.30	4.30	4.30	4.13	4.02	3.94	3.89	3.85	3.79	3.77	3.76	3.75	3.74	3.72	3.71	3.70	3.73	3.78	3.83	3.90	3.96	4.01	4.08	4.16	4.23	4.29	4.40	4.49	4.70	5.23	6.54	9.51	15.68	15.68	15.68	15.68	15.68
613 	[Retrieved Data]24 (5/14/2024 10:49:13 AM)	4.56	2.46	1.32	-3.64	1.32	1.32	1.32	1.32	1.13	1.01	0.92	0.83	0.74	0.68	0.65	0.63	0.59	0.59	0.56	0.53	0.50	0.47	0.45	0.44	0.44	0.45	0.46	0.45	0.46	0.50	0.51	0.55	0.64	0.78	1.27	2.53	5.43	11.52	11.52	11.52	11.52	11.52
614 	[Retrieved Data]25 (5/14/2024 10:49:13 AM)	42.76	-50.39	4.79	23.81	4.79	4.79	4.79	4.79	4.66	4.58	4.52	4.49	4.54	4.64	4.80	5.23	6.67	13.01	25.48	33.29	30.94	22.84	14.37	8.25	5.25	4.26	4.07	4.12	4.30	4.60	5.17	6.13	7.29	8.67	10.30	12.41	15.42	19.69	19.69	19.69	19.69	19.69
614 	[Retrieved Data]25 (5/14/2024 10:49:13 AM)	37.02	-67.99	1.85	32.60	1.85	1.85	1.85	1.85	1.68	1.57	1.45	1.34	1.31	1.33	1.44	1.81	3.20	9.46	21.85	29.60	27.26	19.23	10.90	4.91	2.01	1.04	0.81	0.81	0.90	1.14	1.65	2.59	3.74	5.04	6.68	8.78	11.72	15.97	15.97	15.97	15.97	15.97
615 	[Retrieved Data]26 (5/14/2024 10:49:13 AM)	58.38	6.27	7.08	22.17	7.08	7.08	7.08	7.08	7.74	10.58	13.47	13.97	14.02	13.85	14.56	16.13	19.40	23.99	25.90	26.17	26.34	25.58	24.19	23.57	23.81	24.35	25.37	27.12	29.93	33.74	38.48	43.50	47.64	51.22	54.55	57.93	61.67	65.82	65.82	65.82	65.82	65.82
615 	[Retrieved Data]26 (5/14/2024 10:49:13 AM)	55.13	6.93	4.24	24.37	4.24	4.24	4.24	4.24	4.86	7.69	10.54	11.03	11.02	10.77	11.43	12.95	16.19	20.72	22.60	22.85	23.00	22.26	20.87	20.27	20.53	21.07	22.09	23.80	26.62	30.39	35.08	40.09	44.22	47.77	51.09	54.47	58.17	62.30	62.30	62.30	62.30	62.30
616 	[Retrieved Data]27 (5/14/2024 10:49:13 AM)	54.39	4.16	6.79	22.76	6.79	6.79	6.79	6.79	7.03	8.70	10.45	10.70	10.83	10.97	11.70	13.24	16.45	20.93	22.87	23.17	23.25	22.39	20.89	19.98	19.73	19.74	20.31	21.72	24.29	27.93	32.57	37.59	41.82	45.54	49.05	52.64	56.67	61.20	61.20	61.20	61.20	61.20
616 	[Retrieved Data]27 (5/14/2024 10:49:13 AM)	50.63	4.76	3.90	25.80	3.90	3.90	3.90	3.90	4.12	5.75	7.45	7.69	7.73	7.79	8.47	9.98	13.12	17.55	19.47	19.75	19.83	18.97	17.47	16.61	16.39	16.40	16.95	18.34	20.90	24.51	29.08	34.11	38.28	41.98	45.50	49.10	53.06	57.58	57.58	57.58	57.58	57.58
617 	[Retrieved Data]28 (5/14/2024 10:49:13 AM)	56.57	5.69	6.80	24.06	6.80	6.80	6.80	6.80	7.19	9.23	11.34	11.67	11.77	11.83	12.59	14.19	17.51	22.16	24.20	24.57	24.74	23.97	22.56	21.88	21.97	22.36	23.23	24.88	27.62	31.35	36.08	41.13	45.29	48.95	52.35	55.82	59.69	64.00	64.00	64.00	64.00	64.00
617 	[Retrieved Data]28 (5/14/2024 10:49:13 AM)	53.06	6.35	3.90	26.97	3.90	3.90	3.90	3.90	4.27	6.30	8.35	8.66	8.69	8.67	9.38	10.92	14.20	18.80	20.82	21.17	21.33	20.57	19.19	18.53	18.64	19.01	19.87	21.48	24.22	27.93	32.63	37.63	41.77	45.40	48.84	52.28	56.12	60.41	60.41	60.41	60.41	60.41
618 	[Retrieved Data]29 (5/14/2024 10:49:13 AM)	58.72	7.41	6.79	25.48	6.79	6.79	6.79	6.79	7.33	9.81	12.26	12.66	12.74	12.68	13.41	15.04	18.43	23.26	25.45	25.89	26.18	25.53	24.26	23.83	24.34	25.21	26.49	28.41	31.29	35.13	39.87	44.85	48.94	52.49	55.73	59.04	62.71	66.77	66.77	66.77	66.77	66.77
618 	[Retrieved Data]29 (5/14/2024 10:49:13 AM)	55.47	8.14	3.91	28.26	3.91	3.91	3.91	3.91	4.43	6.88	9.32	9.69	9.68	9.56	10.26	11.83	15.16	19.96	22.11	22.55	22.83	22.18	20.93	20.52	21.04	21.91	23.15	25.03	27.94	31.77	36.45	41.41	45.49	49.01	52.28	55.57	59.21	63.26	63.26	63.26	63.26	63.26
619 	[Retrieved Data]30 (5/14/2024 10:49:13 AM)	54.72	5.42	6.51	25.31	6.51	6.51	6.51	6.51	6.71	8.18	9.73	9.94	10.05	10.23	10.95	12.51	15.75	20.38	22.49	22.90	23.08	22.33	20.93	20.21	20.21	20.47	21.23	22.78	25.44	29.11	33.80	38.85	43.02	46.74	50.19	53.72	57.71	62.17	62.17	62.17	62.17	62.17
619 	[Retrieved Data]30 (5/14/2024 10:49:13 AM)	51.04	6.13	3.65	28.83	3.65	3.65	3.65	3.65	3.83	5.26	6.77	6.93	6.98	7.09	7.79	9.28	12.45	17.05	19.12	19.53	19.70	18.95	17.58	16.87	16.89	17.15	17.89	19.41	22.09	25.75	30.38	35.37	39.58	43.22	46.70	50.24	54.17	58.61	58.61	58.61	58.61	58.61
620 	[Retrieved Data]31 (5/14/2024 10:49:13 AM)	57.15	7.23	6.57	26.20	6.57	6.57	6.57	6.57	6.95	8.95	10.94	11.25	11.34	11.38	12.09	13.67	16.98	21.74	23.96	24.46	24.74	24.08	22.79	22.30	22.69	23.41	24.58	26.42	29.30	33.10	37.84	42.85	47.01	50.61	53.93	57.31	61.09	65.31	65.31	65.31	65.31	65.31
620 	[Retrieved Data]31 (5/14/2024 10:49:13 AM)	53.77	8.01	3.73	29.35	3.73	3.73	3.73	3.73	4.07	6.05	8.03	8.31	8.31	8.27	8.96	10.47	13.71	18.43	20.64	21.12	21.39	20.74	19.47	18.99	19.40	20.10	21.27	23.10	25.94	29.73	34.45	39.40	43.54	47.10	50.43	53.84	57.56	61.74	61.74	61.74	61.74	61.74
621 	[Retrieved Data]32 (5/14/2024 10:49:13 AM)	27.98	25.22	12.32	-46.78	12.32	12.32	12.32	12.32	15.52	23.98	33.83	34.15	29.29	22.46	16.80	12.16	9.41	7.39	6.05	5.42	5.15	4.86	4.53	4.29	4.19	4.18	4.21	4.33	4.57	4.97	5.73	6.95	8.36	9.99	11.84	14.15	17.33	21.73	21.73	21.73	21.73	21.73
621 	[Retrieved Data]32 (5/14/2024 10:49:13 AM)	15.98	40.37	9.21	-61.21	9.21	9.21	9.21	9.21	12.33	20.69	30.54	30.84	25.91	19.07	13.42	8.79	6.05	4.05	2.73	2.08	1.81	1.53	1.23	1.00	0.90	0.86	0.87	0.92	1.09	1.48	2.19	3.41	4.83	6.41	8.26	10.56	13.69	18.07	18.07	18.07	18.07	18.07
622 	[Retrieved Data]33 (5/14/2024 10:49:13 AM)	54.30	65.03	4.70	49.79	4.70	4.70	4.70	4.70	4.52	4.42	4.35	4.29	4.31	4.37	4.51	4.73	5.07	5.58	6.04	6.28	6.40	6.35	6.21	6.58	9.06	16.52	30.99	49.79	67.60	79.93	86.98	90.32	91.71	92.32	92.56	92.73	92.90	92.87	92.87	92.87	92.87	92.87
622 	[Retrieved Data]33 (5/14/2024 10:49:13 AM)	49.93	71.37	1.85	66.79	1.85	1.85	1.85	1.85	1.62	1.46	1.34	1.19	1.13	1.10	1.14	1.24	1.47	1.88	2.24	2.43	2.56	2.52	2.39	2.77	5.22	12.58	26.94	45.61	63.40	75.76	82.81	86.19	87.52	88.13	88.41	88.59	88.67	88.66	88.66	88.66	88.66	88.66
623 	[Retrieved Data]34 (5/14/2024 10:49:13 AM)	27.77	0.39	5.32	1.83	5.32	5.32	5.32	5.32	5.11	5.00	4.95	4.83	4.80	4.83	4.89	5.08	5.48	6.04	6.20	6.08	5.91	5.60	5.18	4.85	4.67	4.58	4.56	4.66	4.86	5.25	5.92	6.86	8.04	9.92	13.06	17.57	23.31	30.44	30.44	30.44	30.44	30.44
623 	[Retrieved Data]34 (5/14/2024 10:49:13 AM)	15.54	1.08	2.38	2.28	2.38	2.38	2.38	2.38	2.13	2.00	1.88	1.69	1.60	1.58	1.60	1.72	2.09	2.65	2.80	2.68	2.52	2.23	1.83	1.52	1.36	1.26	1.23	1.28	1.46	1.88	2.48	3.43	4.58	6.43	9.56	14.01	19.71	26.78	26.78	26.78	26.78	26.78
624 	[Retrieved Data]35 (5/14/2024 10:49:13 AM)	26.99	1.46	5.08	1.99	5.08	5.08	5.08	5.08	4.87	4.74	4.66	4.57	4.55	4.56	4.61	4.75	5.05	5.45	5.58	5.50	5.38	5.17	4.87	4.67	4.58	4.53	4.53	4.61	4.80	5.11	5.63	6.39	7.42	9.17	12.37	17.22	23.55	31.40	31.40	31.40	31.40	31.40
624 	[Retrieved Data]35 (5/14/2024 10:49:13 AM)	14.02	3.20	2.14	2.60	2.14	2.14	2.14	2.14	1.89	1.76	1.62	1.46	1.34	1.33	1.33	1.43	1.67	2.08	2.21	2.12	2.02	1.83	1.53	1.32	1.26	1.19	1.19	1.23	1.40	1.72	2.23	2.98	3.98	5.69	8.88	13.67	19.93	27.73	27.73	27.73	27.73	27.73
625 	[Retrieved Data]36 (5/14/2024 10:49:13 AM)	27.43	0.67	5.20	2.11	5.20	5.20	5.20	5.20	4.98	4.85	4.78	4.66	4.65	4.67	4.74	4.89	5.23	5.71	5.88	5.79	5.66	5.41	5.08	4.81	4.68	4.61	4.59	4.66	4.85	5.17	5.71	6.49	7.52	9.28	12.42	17.05	23.11	30.64	30.64	30.64	30.64	30.64
625 	[Retrieved Data]36 (5/14/2024 10:49:13 AM)	14.65	1.56	2.27	2.58	2.27	2.27	2.27	2.27	2.01	1.85	1.71	1.55	1.44	1.41	1.42	1.52	1.83	2.28	2.45	2.38	2.27	2.03	1.68	1.43	1.30	1.23	1.20	1.24	1.40	1.71	2.24	3.04	4.03	5.75	8.84	13.46	19.44	26.92	26.92	26.92	26.92	26.92
626 	[Retrieved Data]37 (5/14/2024 10:49:13 AM)	28.03	0.67	5.27	2.46	5.27	5.27	5.27	5.27	5.06	4.95	4.87	4.78	4.75	4.79	4.85	5.05	5.48	6.08	6.27	6.15	6.00	5.67	5.25	4.92	4.76	4.67	4.65	4.74	4.99	5.43	6.13	7.14	8.43	10.37	13.64	18.27	24.13	31.29	31.29	31.29	31.29	31.29
626 	[Retrieved Data]37 (5/14/2024 10:49:13 AM)	16.07	1.56	2.34	3.47	2.34	2.34	2.34	2.34	2.10	1.96	1.84	1.65	1.55	1.55	1.56	1.71	2.09	2.69	2.88	2.77	2.63	2.32	1.91	1.59	1.45	1.34	1.31	1.39	1.61	2.05	2.72	3.73	4.97	6.92	10.15	14.75	20.53	27.65	27.65	27.65	27.65	27.65
627 	[Retrieved Data]38 (5/14/2024 10:49:13 AM)	26.77	0.89	5.01	2.05	5.01	5.01	5.01	5.01	4.79	4.67	4.57	4.48	4.47	4.49	4.53	4.67	4.94	5.32	5.47	5.42	5.32	5.12	4.86	4.67	4.56	4.52	4.50	4.54	4.69	4.96	5.37	6.01	6.86	8.45	11.50	16.26	22.66	30.72	30.72	30.72	30.72	30.72
627 	[Retrieved Data]38 (5/14/2024 10:49:13 AM)	13.49	2.17	2.11	2.54	2.11	2.11	2.11	2.11	1.86	1.69	1.55	1.40	1.28	1.25	1.26	1.33	1.56	1.95	2.09	2.05	1.95	1.76	1.51	1.31	1.21	1.15	1.13	1.14	1.29	1.56	1.96	2.60	3.45	4.97	7.99	12.72	19.05	27.05	27.05	27.05	27.05	27.05
628 	[Retrieved Data]39 (5/14/2024 10:49:13 AM)	27.50	1.08	5.07	2.76	5.07	5.07	5.07	5.07	4.87	4.75	4.68	4.58	4.53	4.56	4.62	4.78	5.11	5.62	5.84	5.80	5.68	5.42	5.06	4.81	4.70	4.64	4.64	4.72	4.91	5.28	5.87	6.74	7.84	9.67	12.92	17.69	23.87	31.46	31.46	31.46	31.46	31.46
628 	[Retrieved Data]39 (5/14/2024 10:49:13 AM)	15.14	2.34	2.14	4.10	2.14	2.14	2.14	2.14	1.92	1.77	1.64	1.47	1.37	1.35	1.36	1.46	1.76	2.25	2.45	2.44	2.33	2.08	1.76	1.51	1.38	1.33	1.31	1.34	1.54	1.92	2.48	3.34	4.41	6.21	9.44	14.17	20.26	27.82	27.82	27.82	27.82	27.82
629 	[Retrieved Data]40 (5/14/2024 10:49:13 AM)	28.04	1.11	5.16	3.08	5.16	5.16	5.16	5.16	4.94	4.83	4.75	4.65	4.64	4.66	4.74	4.91	5.33	5.93	6.17	6.11	5.96	5.65	5.24	4.92	4.77	4.69	4.69	4.79	5.06	5.53	6.26	7.32	8.63	10.67	14.04	18.77	24.73	31.96	31.96	31.96	31.96	31.96
629 	[Retrieved Data]40 (5/14/2024 10:49:13 AM)	16.21	2.41	2.24	4.63	2.24	2.24	2.24	2.24	2.00	1.86	1.73	1.56	1.47	1.46	1.48	1.60	1.97	2.58	2.81	2.75	2.62	2.33	1.92	1.60	1.46	1.39	1.39	1.46	1.69	2.17	2.88	3.97	5.24	7.27	10.58	15.27	21.17	28.36	28.36	28.36	28.36	28.36
630 	[Retrieved Data]41 (5/14/2024 10:49:13 AM)	26.87	1.01	5.11	1.67	5.11	5.11	5.11	5.11	4.89	4.77	4.69	4.61	4.57	4.59	4.64	4.77	5.03	5.41	5.53	5.48	5.36	5.15	4.87	4.67	4.57	4.53	4.51	4.58	4.72	5.02	5.44	6.10	7.00	8.60	11.59	16.21	22.38	30.19	30.19	30.19	30.19	30.19
630 	[Retrieved Data]41 (5/14/2024 10:49:13 AM)	13.57	2.28	2.18	1.72	2.18	2.18	2.18	2.18	1.94	1.79	1.64	1.47	1.37	1.35	1.34	1.42	1.65	2.01	2.15	2.09	1.97	1.76	1.51	1.29	1.20	1.14	1.13	1.15	1.28	1.56	2.01	2.66	3.53	5.08	8.05	12.61	18.73	26.49	26.49	26.49	26.49	26.49
631 	[Retrieved Data]42 (5/14/2024 10:49:13 AM)	27.04	1.08	5.15	1.82	5.15	5.15	5.15	5.15	4.94	4.80	4.71	4.61	4.60	4.61	4.66	4.80	5.08	5.50	5.63	5.55	5.43	5.21	4.91	4.70	4.60	4.57	4.55	4.60	4.77	5.10	5.55	6.26	7.21	8.86	11.98	16.73	23.01	30.85	30.85	30.85	30.85	30.85
631 	[Retrieved Data]42 (5/14/2024 10:49:13 AM)	14.03	2.33	2.22	2.25	2.22	2.22	2.22	2.22	1.97	1.81	1.66	1.49	1.38	1.36	1.35	1.45	1.71	2.11	2.24	2.17	2.07	1.85	1.57	1.35	1.26	1.19	1.18	1.21	1.35	1.66	2.13	2.83	3.77	5.39	8.47	13.17	19.36	27.15	27.15	27.15	27.15	27.15
632 	[Retrieved Data]43 (5/14/2024 10:49:13 AM)	27.54	1.22	5.26	2.05	5.26	5.26	5.26	5.26	5.03	4.89	4.84	4.72	4.70	4.72	4.77	4.94	5.29	5.79	5.92	5.82	5.68	5.41	5.06	4.80	4.68	4.61	4.61	4.69	4.91	5.30	5.92	6.81	7.95	9.85	13.11	17.87	23.95	31.42	31.42	31.42	31.42	31.42
632 	[Retrieved Data]43 (5/14/2024 10:49:13 AM)	15.17	2.60	2.30	2.71	2.30	2.30	2.30	2.30	2.05	1.91	1.78	1.60	1.50	1.49	1.50	1.62	1.93	2.40	2.55	2.45	2.32	2.08	1.74	1.46	1.35	1.29	1.28	1.34	1.53	1.91	2.51	3.42	4.52	6.38	9.61	14.28	20.33	27.75	27.75	27.75	27.75	27.75
633 	[Retrieved Data]44 (5/14/2024 10:49:13 AM)	27.78	0.43	5.28	2.21	5.28	5.28	5.28	5.28	5.06	4.93	4.86	4.75	4.73	4.75	4.82	5.00	5.41	5.97	6.16	6.04	5.90	5.59	5.19	4.87	4.71	4.61	4.59	4.66	4.90	5.28	5.92	6.84	8.01	9.89	13.06	17.64	23.52	30.73	30.73	30.73	30.73	30.73
633 	[Retrieved Data]44 (5/14/2024 10:49:13 AM)	15.59	1.08	2.33	2.99	2.33	2.33	2.33	2.33	2.08	1.94	1.80	1.62	1.53	1.51	1.54	1.67	2.02	2.60	2.78	2.68	2.53	2.23	1.85	1.54	1.37	1.28	1.25	1.32	1.51	1.89	2.51	3.42	4.56	6.40	9.55	14.10	19.89	27.06	27.06	27.06	27.06	27.06
634 	[Retrieved Data]45 (5/14/2024 10:49:13 AM)	26.91	1.36	5.03	2.16	5.03	5.03	5.03	5.03	4.82	4.69	4.59	4.50	4.48	4.51	4.56	4.69	4.98	5.39	5.53	5.46	5.34	5.14	4.87	4.65	4.58	4.53	4.52	4.60	4.76	5.06	5.57	6.30	7.26	9.00	12.21	17.10	23.53	31.51	31.51	31.51	31.51	31.51
634 	[Retrieved Data]45 (5/14/2024 10:49:13 AM)	13.99	3.03	2.11	2.95	2.11	2.11	2.11	2.11	1.87	1.72	1.58	1.41	1.32	1.29	1.31	1.38	1.63	2.03	2.17	2.13	2.02	1.81	1.55	1.33	1.26	1.22	1.21	1.24	1.38	1.71	2.19	2.94	3.88	5.57	8.75	13.58	19.92	27.84	27.84	27.84	27.84	27.84
635 	[Retrieved Data]46 (5/14/2024 10:49:13 AM)	27.36	0.62	5.17	2.27	5.17	5.17	5.17	5.17	4.94	4.80	4.71	4.61	4.59	4.62	4.68	4.83	5.17	5.66	5.84	5.77	5.63	5.39	5.06	4.80	4.67	4.59	4.57	4.63	4.82	5.15	5.68	6.42	7.46	9.19	12.37	17.13	23.36	31.05	31.05	31.05	31.05	31.05
635 	[Retrieved Data]46 (5/14/2024 10:49:13 AM)	14.70	1.49	2.21	3.13	2.21	2.21	2.21	2.21	1.95	1.81	1.66	1.48	1.39	1.37	1.39	1.48	1.78	2.28	2.45	2.39	2.27	2.02	1.70	1.45	1.32	1.24	1.21	1.26	1.42	1.73	2.26	3.01	4.01	5.72	8.86	13.59	19.73	27.36	27.36	27.36	27.36	27.36
636 	[Retrieved Data]47 (5/14/2024 10:49:13 AM)	27.95	0.77	5.19	2.89	5.19	5.19	5.19	5.19	4.97	4.85	4.78	4.66	4.64	4.68	4.75	4.93	5.32	5.93	6.15	6.09	5.96	5.65	5.23	4.91	4.76	4.67	4.67	4.76	5.01	5.44	6.13	7.09	8.33	10.28	13.57	18.26	24.22	31.54	31.54	31.54	31.54	31.54
636 	[Retrieved Data]47 (5/14/2024 10:49:13 AM)	15.93	1.81	2.27	4.29	2.27	2.27	2.27	2.27	2.02	1.87	1.74	1.57	1.45	1.43	1.47	1.58	1.93	2.54	2.77	2.70	2.57	2.30	1.90	1.59	1.44	1.35	1.33	1.40	1.63	2.07	2.70	3.69	4.89	6.83	10.06	14.73	20.65	27.90	27.90	27.90	27.90	27.90
637 	[Retrieved Data]48 (5/14/2024 10:49:13 AM)	25.32	1.77	4.77	0.94	4.77	4.77	4.77	4.77	4.57	4.45	4.38	4.30	4.27	4.27	4.29	4.36	4.47	4.63	4.69	4.64	4.56	4.47	4.36	4.30	4.29	4.29	4.29	4.32	4.40	4.56	4.78	5.14	5.67	6.78	9.27	13.61	20.02	28.68	28.68	28.68	28.68	28.68
637 	[Retrieved Data]48 (5/14/2024 10:49:13 AM)	10.27	4.13	1.84	-0.15	1.84	1.84	1.84	1.84	1.62	1.48	1.35	1.21	1.11	1.08	1.06	1.08	1.15	1.29	1.35	1.31	1.23	1.14	1.03	0.95	0.95	0.91	0.90	0.91	0.98	1.12	1.34	1.70	2.22	3.32	5.75	10.04	16.39	24.98	24.98	24.98	24.98	24.98
638 	[Retrieved Data]49 (5/14/2024 10:49:13 AM)	27.54	0.70	5.25	1.87	5.25	5.25	5.25	5.25	5.04	4.94	4.87	4.75	4.73	4.76	4.83	4.98	5.32	5.80	5.95	5.86	5.73	5.45	5.10	4.83	4.70	4.62	4.60	4.68	4.88	5.23	5.78	6.60	7.65	9.40	12.51	17.06	23.02	30.42	30.42	30.42	30.42	30.42
638 	[Retrieved Data]49 (5/14/2024 10:49:13 AM)	14.78	1.71	2.31	2.11	2.31	2.31	2.31	2.31	2.06	1.91	1.80	1.62	1.50	1.48	1.48	1.59	1.89	2.36	2.51	2.42	2.29	2.05	1.70	1.42	1.30	1.23	1.21	1.23	1.43	1.77	2.29	3.11	4.16	5.87	8.95	13.44	19.33	26.70	26.70	26.70	26.70	26.70
639 	[Retrieved Data]50 (5/14/2024 10:49:13 AM)	27.49	0.90	5.23	1.98	5.23	5.23	5.23	5.23	5.02	4.91	4.83	4.71	4.70	4.72	4.77	4.93	5.29	5.78	5.93	5.83	5.69	5.42	5.07	4.79	4.67	4.60	4.59	4.66	4.86	5.24	5.83	6.66	7.77	9.57	12.76	17.42	23.44	30.90	30.90	30.90	30.90	30.90
639 	[Retrieved Data]50 (5/14/2024 10:49:13 AM)	14.88	2.04	2.31	2.43	2.31	2.31	2.31	2.31	2.05	1.89	1.77	1.59	1.49	1.45	1.48	1.59	1.90	2.37	2.52	2.44	2.30	2.04	1.71	1.43	1.30	1.23	1.22	1.27	1.46	1.81	2.37	3.23	4.30	6.08	9.23	13.83	19.81	27.22	27.22	27.22	27.22	27.22
640 	[Retrieved Data]51 (5/14/2024 10:49:13 AM)	28.30	0.86	5.42	2.22	5.42	5.42	5.42	5.42	5.20	5.10	5.04	4.93	4.89	4.93	5.00	5.19	5.63	6.22	6.38	6.26	6.10	5.77	5.33	5.00	4.83	4.74	4.74	4.84	5.10	5.55	6.30	7.36	8.67	10.67	13.96	18.55	24.32	31.38	31.38	31.38	31.38	31.38
640 	[Retrieved Data]51 (5/14/2024 10:49:13 AM)	16.46	1.85	2.47	2.98	2.47	2.47	2.47	2.47	2.22	2.09	1.96	1.77	1.68	1.65	1.69	1.83	2.22	2.81	2.96	2.85	2.69	2.40	1.98	1.64	1.50	1.39	1.39	1.44	1.70	2.16	2.83	3.92	5.18	7.17	10.43	14.98	20.69	27.70	27.70	27.70	27.70	27.70
641 	[Retrieved Data]52 (5/14/2024 10:49:13 AM)	26.92	1.21	5.03	2.17	5.03	5.03	5.03	5.03	4.81	4.68	4.60	4.50	4.48	4.51	4.56	4.70	4.98	5.39	5.54	5.48	5.37	5.15	4.88	4.67	4.58	4.53	4.53	4.60	4.77	5.07	5.54	6.24	7.19	8.87	12.04	16.87	23.24	31.20	31.20	31.20	31.20	31.20
641 	[Retrieved Data]52 (5/14/2024 10:49:13 AM)	13.85	2.68	2.11	2.91	2.11	2.11	2.11	2.11	1.87	1.70	1.57	1.40	1.31	1.27	1.27	1.36	1.60	1.99	2.15	2.11	2.00	1.80	1.56	1.34	1.26	1.18	1.15	1.19	1.35	1.67	2.12	2.84	3.76	5.43	8.54	13.31	19.61	27.52	27.52	27.52	27.52	27.52
642 	[Retrieved Data]53 (5/14/2024 10:49:13 AM)	27.64	1.13	5.20	2.42	5.20	5.20	5.20	5.20	4.98	4.86	4.77	4.67	4.65	4.68	4.74	4.91	5.27	5.79	5.95	5.85	5.72	5.46	5.12	4.84	4.72	4.67	4.65	4.73	4.95	5.34	5.95	6.83	7.99	9.87	13.18	17.97	24.16	31.72	31.72	31.72	31.72	31.72
642 	[Retrieved Data]53 (5/14/2024 10:49:13 AM)	15.18	2.59	2.26	3.39	2.26	2.26	2.26	2.26	2.01	1.85	1.70	1.53	1.45	1.42	1.43	1.55	1.86	2.37	2.53	2.44	2.34	2.07	1.74	1.47	1.37	1.31	1.29	1.34	1.55	1.95	2.52	3.41	4.51	6.36	9.64	14.41	20.49	28.01	28.01	28.01	28.01	28.01
643 	[Retrieved Data]54 (5/14/2024 10:49:13 AM)	27.74	0.39	5.20	2.53	5.20	5.20	5.20	5.20	4.98	4.86	4.77	4.66	4.65	4.68	4.74	4.92	5.33	5.91	6.11	6.03	5.88	5.58	5.18	4.87	4.71	4.62	4.59	4.66	4.89	5.28	5.89	6.81	7.96	9.83	13.06	17.71	23.68	31.03	31.03	31.03	31.03	31.03
643 	[Retrieved Data]54 (5/14/2024 10:49:13 AM)	15.58	1.11	2.28	3.58	2.28	2.28	2.28	2.28	2.04	1.89	1.74	1.58	1.47	1.44	1.48	1.59	1.95	2.55	2.75	2.66	2.53	2.23	1.85	1.54	1.40	1.30	1.27	1.32	1.52	1.91	2.52	3.42	4.52	6.38	9.56	14.17	20.08	27.35	27.35	27.35	27.35	27.35
644 	[Retrieved Data]55 (5/14/2024 10:49:13 AM)	27.05	1.41	4.95	2.75	4.95	4.95	4.95	4.95	4.74	4.61	4.52	4.42	4.41	4.44	4.49	4.63	4.92	5.34	5.54	5.51	5.42	5.20	4.91	4.70	4.62	4.58	4.58	4.66	4.85	5.15	5.67	6.41	7.41	9.17	12.42	17.35	23.87	31.93	31.93	31.93	31.93	31.93
644 	[Retrieved Data]55 (5/14/2024 10:49:13 AM)	14.17	3.20	2.04	4.06	2.04	2.04	2.04	2.04	1.79	1.64	1.51	1.35	1.23	1.22	1.23	1.30	1.55	1.98	2.17	2.15	2.05	1.85	1.58	1.37	1.28	1.24	1.24	1.28	1.45	1.79	2.29	3.02	4.00	5.71	8.95	13.85	20.28	28.28	28.28	28.28	28.28	28.28
645 	[Retrieved Data]56 (5/14/2024 10:49:13 AM)	23.44	2.69	4.30	0.48	4.30	4.30	4.30	4.30	4.14	4.03	3.96	3.91	3.86	3.80	3.78	3.76	3.74	3.74	3.73	3.71	3.71	3.74	3.79	3.85	3.92	3.97	4.05	4.10	4.18	4.26	4.35	4.43	4.54	4.72	5.28	6.61	9.54	15.67	15.67	15.67	15.67	15.67
645 	[Retrieved Data]56 (5/14/2024 10:49:13 AM)	4.55	2.43	1.30	-3.44	1.30	1.30	1.30	1.30	1.13	1.02	0.90	0.81	0.72	0.68	0.64	0.60	0.57	0.56	0.55	0.53	0.50	0.47	0.46	0.43	0.46	0.46	0.45	0.44	0.46	0.48	0.50	0.58	0.64	0.79	1.30	2.56	5.42	11.46	11.46	11.46	11.46	11.46
646 	[Retrieved Data]57 (5/14/2024 10:49:13 AM)	42.45	-49.79	4.69	23.92	4.69	4.69	4.69	4.69	4.58	4.50	4.45	4.42	4.46	4.54	4.70	5.11	6.44	12.23	24.32	32.56	30.65	22.68	14.27	8.21	5.23	4.26	4.05	4.08	4.24	4.53	5.08	6.03	7.18	8.53	10.16	12.26	15.23	19.49	19.49	19.49	19.49	19.49
646 	[Retrieved Data]57 (5/14/2024 10:49:13 AM)	36.68	-67.34	1.74	33.05	1.74	1.74	1.74	1.74	1.58	1.47	1.37	1.27	1.23	1.27	1.36	1.71	2.97	8.67	20.71	28.94	27.01	19.10	10.80	4.88	1.99	1.03	0.80	0.77	0.88	1.11	1.62	2.54	3.67	5.01	6.62	8.72	11.66	15.87	15.87	15.87	15.87	15.87
647 	[Retrieved Data]58 (5/14/2024 10:49:13 AM)	28.07	0.77	5.36	2.13	5.36	5.36	5.36	5.36	5.14	5.05	4.99	4.88	4.83	4.87	4.93	5.12	5.54	6.14	6.30	6.18	6.02	5.70	5.25	4.91	4.75	4.67	4.65	4.75	4.99	5.46	6.19	7.21	8.50	10.48	13.73	18.27	24.02	31.10	31.10	31.10	31.10	31.10
647 	[Retrieved Data]58 (5/14/2024 10:49:13 AM)	16.11	1.83	2.42	2.78	2.42	2.42	2.42	2.42	2.17	2.04	1.94	1.75	1.64	1.61	1.64	1.77	2.16	2.74	2.90	2.78	2.63	2.33	1.91	1.57	1.42	1.34	1.31	1.40	1.64	2.06	2.76	3.79	5.04	7.01	10.22	14.72	20.41	27.42	27.42	27.42	27.42	27.42
648 	[Retrieved Data]59 (5/14/2024 10:49:13 AM)	26.66	0.87	5.02	1.85	5.02	5.02	5.02	5.02	4.81	4.67	4.58	4.49	4.47	4.49	4.53	4.67	4.92	5.31	5.46	5.41	5.30	5.09	4.81	4.61	4.52	4.46	4.44	4.50	4.64	4.90	5.34	5.98	6.83	8.45	11.46	16.15	22.47	30.43	30.43	30.43	30.43	30.43
648 	[Retrieved Data]59 (5/14/2024 10:49:13 AM)	13.45	2.03	2.11	2.39	2.11	2.11	2.11	2.11	1.86	1.68	1.55	1.39	1.30	1.25	1.27	1.35	1.58	1.95	2.10	2.04	1.94	1.77	1.51	1.30	1.22	1.13	1.09	1.14	1.25	1.54	1.93	2.59	3.45	4.99	8.00	12.65	18.88	26.80	26.80	26.80	26.80	26.80
649 	[Retrieved Data]60 (5/14/2024 10:49:13 AM)	27.55	1.06	5.17	2.35	5.17	5.17	5.17	5.17	4.96	4.84	4.75	4.67	4.64	4.67	4.73	4.89	5.23	5.73	5.90	5.82	5.69	5.44	5.09	4.82	4.69	4.64	4.64	4.72	4.93	5.29	5.88	6.75	7.84	9.68	12.91	17.66	23.77	31.33	31.33	31.33	31.33	31.33
649 	[Retrieved Data]60 (5/14/2024 10:49:13 AM)	15.04	2.43	2.24	3.19	2.24	2.24	2.24	2.24	1.98	1.85	1.72	1.54	1.43	1.42	1.43	1.54	1.86	2.33	2.49	2.41	2.30	2.05	1.72	1.47	1.36	1.29	1.29	1.32	1.54	1.88	2.44	3.31	4.39	6.18	9.38	14.09	20.14	27.66	27.66	27.66	27.66	27.66
650 	[Retrieved Data]61 (5/14/2024 10:49:13 AM)	28.38	1.00	5.34	2.69	5.34	5.34	5.34	5.34	5.13	5.03	4.95	4.85	4.82	4.86	4.94	5.13	5.57	6.19	6.37	6.26	6.11	5.79	5.36	5.02	4.87	4.79	4.80	4.90	5.16	5.64	6.38	7.44	8.78	10.81	14.14	18.81	24.69	31.83	31.83	31.83	31.83	31.83
650 	[Retrieved Data]61 (5/14/2024 10:49:13 AM)	16.63	2.17	2.44	3.63	2.44	2.44	2.44	2.44	2.19	2.06	1.93	1.74	1.63	1.62	1.64	1.78	2.17	2.78	2.98	2.86	2.72	2.42	1.99	1.66	1.53	1.45	1.43	1.53	1.76	2.22	2.95	4.02	5.30	7.31	10.62	15.25	21.06	28.17	28.17	28.17	28.17	28.17
651 	[Retrieved Data]62 (5/14/2024 10:49:13 AM)	26.80	1.29	4.99	2.25	4.99	4.99	4.99	4.99	4.77	4.65	4.55	4.46	4.43	4.45	4.50	4.64	4.91	5.30	5.46	5.41	5.31	5.09	4.84	4.64	4.56	4.52	4.52	4.58	4.72	5.04	5.49	6.17	7.09	8.76	11.95	16.84	23.36	31.49	31.49	31.49	31.49	31.49
651 	[Retrieved Data]62 (5/14/2024 10:49:13 AM)	13.87	2.93	2.11	3.02	2.11	2.11	2.11	2.11	1.88	1.72	1.55	1.39	1.30	1.27	1.28	1.34	1.59	1.98	2.13	2.08	1.97	1.79	1.56	1.33	1.26	1.23	1.21	1.23	1.38	1.69	2.13	2.80	3.72	5.37	8.52	13.36	19.81	27.88	27.88	27.88	27.88	27.88
652 	[Retrieved Data]63 (5/14/2024 10:49:13 AM)	27.54	1.41	5.05	2.95	5.05	5.05	5.05	5.05	4.84	4.71	4.64	4.53	4.51	4.54	4.61	4.76	5.12	5.63	5.84	5.79	5.67	5.40	5.06	4.81	4.69	4.64	4.65	4.73	4.96	5.37	6.00	6.91	8.07	9.99	13.34	18.19	24.41	32.02	32.02	32.02	32.02	32.02
652 	[Retrieved Data]63 (5/14/2024 10:49:13 AM)	15.33	3.08	2.19	4.31	2.19	2.19	2.19	2.19	1.93	1.78	1.65	1.48	1.38	1.35	1.37	1.48	1.78	2.30	2.50	2.45	2.33	2.08	1.76	1.51	1.40	1.34	1.34	1.41	1.63	2.03	2.63	3.55	4.69	6.57	9.88	14.70	20.84	28.41	28.41	28.41	28.41	28.41
653 	[Retrieved Data]64 (5/14/2024 10:49:13 AM)	27.91	25.13	12.11	-46.73	12.11	12.11	12.11	12.11	15.36	23.93	33.83	34.12	29.19	22.31	16.65	12.01	9.30	7.32	6.01	5.39	5.12	4.85	4.53	4.30	4.20	4.18	4.22	4.31	4.53	4.93	5.65	6.83	8.23	9.81	11.63	13.89	17.05	21.43	21.43	21.43	21.43	21.43
653 	[Retrieved Data]64 (5/14/2024 10:49:13 AM)	15.76	40.67	8.99	-61.39	8.99	8.99	8.99	8.99	12.15	20.65	30.56	30.82	25.81	18.90	13.26	8.64	5.93	3.96	2.65	2.02	1.77	1.50	1.20	0.98	0.88	0.85	0.84	0.91	1.07	1.44	2.14	3.29	4.65	6.25	8.04	10.29	13.41	17.78	17.78	17.78	17.78	17.78
