522 	[Retrieved Data]2132 (5/14/2024 8:44:11 AM)	54.35	64.62	49.62	4.68	4.68	4.68	4.68	4.68	4.56	4.49	4.43	4.35	4.34	4.41	4.55	4.78	5.09	5.59	6.13	6.46	6.60	6.55	6.39	6.78	9.24	16.57	30.81	49.38	67.15	79.67	86.89	90.39	91.81	92.44	92.70	92.86	93.00	92.99	92.99	92.99	92.99	92.99
522 	[Retrieved Data]2132 (5/14/2024 8:44:11 AM)	49.71	71.39	67.58	1.74	1.74	1.74	1.74	1.74	1.55	1.41	1.28	1.13	1.04	1.02	1.02	1.12	1.31	1.66	2.07	2.36	2.53	2.51	2.36	2.74	5.16	12.41	26.53	44.97	62.74	75.30	82.48	85.99	87.40	88.07	88.38	88.54	88.67	88.66	88.66	88.66	88.66	88.66
523 	[Retrieved Data]2133 (5/14/2024 8:44:11 AM)	93.62	-1.92	3.07	14.40	14.40	14.40	14.40	14.40	26.95	56.93	80.68	87.72	85.13	80.06	80.01	79.59	79.56	82.53	85.80	87.22	87.12	86.62	85.65	84.36	83.18	82.30	81.99	82.29	82.92	83.83	85.04	86.11	87.03	87.74	88.35	88.98	89.65	90.20	90.20	90.20	90.20	90.20
523 	[Retrieved Data]2133 (5/14/2024 8:44:11 AM)	92.22	-1.95	2.54	11.65	11.65	11.65	11.65	11.65	24.17	54.20	78.39	85.87	83.04	77.54	77.49	76.83	76.70	79.62	82.86	84.16	83.95	83.42	82.45	81.17	80.01	79.10	78.74	78.90	79.55	80.44	81.61	82.69	83.59	84.33	84.97	85.60	86.24	86.82	86.82	86.82	86.82	86.82
524 	[Retrieved Data]2134 (5/14/2024 8:44:12 AM)	88.97	3.36	4.68	13.50	13.50	13.50	13.50	13.50	24.00	49.59	69.80	75.41	72.92	68.01	67.53	66.81	66.94	69.69	72.28	73.31	73.53	73.28	72.44	72.02	72.57	73.72	75.25	76.83	78.37	79.92	81.67	83.23	84.49	85.47	86.31	87.13	88.04	88.85	88.85	88.85	88.85	88.85
524 	[Retrieved Data]2134 (5/14/2024 8:44:12 AM)	87.40	3.53	4.25	10.69	10.69	10.69	10.69	10.69	21.16	46.81	67.42	73.30	70.58	65.26	64.74	63.97	63.95	66.62	69.16	70.16	70.27	69.97	69.14	68.74	69.31	70.47	71.94	73.46	74.97	76.53	78.25	79.82	81.05	82.05	82.91	83.72	84.62	85.43	85.43	85.43	85.43	85.43
525 	[Retrieved Data]2135 (5/14/2024 8:44:12 AM)	90.79	-0.93	5.37	13.68	13.68	13.68	13.68	13.68	24.70	51.14	71.84	77.78	75.39	70.76	70.73	70.55	71.17	74.78	78.48	80.18	80.34	79.86	78.71	77.41	76.58	76.16	76.32	77.02	78.11	79.50	81.21	82.82	84.08	85.10	85.95	86.85	87.81	88.65	88.65	88.65	88.65	88.65
525 	[Retrieved Data]2135 (5/14/2024 8:44:12 AM)	89.30	-0.92	4.96	10.90	10.90	10.90	10.90	10.90	21.87	48.34	69.45	75.70	73.09	68.06	67.97	67.70	68.20	71.72	75.43	77.06	77.12	76.58	75.42	74.18	73.35	72.91	73.04	73.65	74.72	76.11	77.77	79.33	80.65	81.67	82.57	83.45	84.37	85.23	85.23	85.23	85.23	85.23
526 	[Retrieved Data]2136 (5/14/2024 8:44:12 AM)	94.46	0.72	6.66	14.48	14.48	14.48	14.48	14.48	26.82	55.76	78.13	84.57	81.90	77.02	76.95	76.82	77.09	80.47	84.15	86.00	86.30	86.33	86.12	85.97	86.29	86.90	87.74	88.57	89.19	89.71	90.29	90.72	91.11	91.39	91.61	91.88	92.13	92.21	92.21	92.21	92.21	92.21
526 	[Retrieved Data]2136 (5/14/2024 8:44:12 AM)	93.11	0.78	6.27	11.75	11.75	11.75	11.75	11.75	24.04	53.06	75.91	82.72	79.80	74.45	74.37	74.04	74.21	77.52	81.21	82.94	83.19	83.18	82.97	82.85	83.18	83.80	84.57	85.27	85.91	86.41	86.96	87.35	87.75	88.03	88.29	88.57	88.78	88.88	88.88	88.88	88.88	88.88
527 	[Retrieved Data]2137 (5/14/2024 8:44:12 AM)	88.30	-0.49	8.58	12.55	12.55	12.55	12.55	12.55	21.95	44.92	62.90	67.88	65.85	61.79	61.90	62.25	63.69	68.16	72.41	74.40	74.79	74.31	73.04	71.78	71.14	70.99	71.45	72.44	73.87	75.65	77.76	79.81	81.40	82.69	83.76	84.88	86.12	87.25	87.25	87.25	87.25	87.25
527 	[Retrieved Data]2137 (5/14/2024 8:44:12 AM)	86.67	-0.46	8.30	9.74	9.74	9.74	9.74	9.74	19.10	42.07	60.35	65.58	63.36	58.93	59.01	59.25	60.57	64.98	69.21	71.15	71.44	70.91	69.67	68.44	67.81	67.65	68.06	68.99	70.38	72.14	74.24	76.27	77.87	79.16	80.30	81.38	82.60	83.76	83.76	83.76	83.76	83.76
528 	[Retrieved Data]2138 (5/14/2024 8:44:12 AM)	91.65	1.58	9.07	13.49	13.49	13.49	13.49	13.49	24.29	49.80	69.34	74.76	72.30	67.90	67.89	67.89	68.81	72.82	77.01	79.17	79.75	79.74	79.26	79.00	79.50	80.45	81.68	82.92	84.03	85.05	86.19	87.16	87.98	88.61	89.11	89.64	90.22	90.64	90.64	90.64	90.64	90.64
528 	[Retrieved Data]2138 (5/14/2024 8:44:12 AM)	90.18	1.68	8.77	10.71	10.71	10.71	10.71	10.71	21.46	47.02	66.94	72.68	69.99	65.18	65.13	65.01	65.82	69.79	73.94	76.03	76.51	76.47	76.00	75.78	76.28	77.21	78.39	79.54	80.64	81.70	82.79	83.75	84.57	85.19	85.73	86.28	86.82	87.26	87.26	87.26	87.26	87.26
529 	[Retrieved Data]2139 (5/14/2024 8:44:12 AM)	94.06	2.12	8.50	14.45	14.45	14.45	14.45	14.45	26.36	54.03	75.06	81.11	78.47	73.74	73.68	73.46	73.96	77.60	81.57	83.65	84.22	84.46	84.43	84.68	85.67	87.02	88.46	89.68	90.47	90.95	91.44	91.72	91.97	92.13	92.26	92.44	92.56	92.56	92.56	92.56	92.56	92.56
529 	[Retrieved Data]2139 (5/14/2024 8:44:12 AM)	92.68	2.24	8.16	11.76	11.76	11.76	11.76	11.76	23.64	51.36	72.76	79.12	76.28	71.14	71.08	70.64	71.05	74.63	78.58	80.53	81.03	81.24	81.23	81.52	82.49	83.83	85.25	86.39	87.16	87.65	88.07	88.33	88.62	88.77	88.94	89.10	89.21	89.19	89.19	89.19	89.19	89.19
530 	[Retrieved Data]2140 (5/14/2024 8:44:12 AM)	88.12	-0.90	2.93	13.50	13.50	13.50	13.50	13.50	23.75	49.08	69.49	75.33	73.12	68.37	68.10	67.69	68.02	71.10	74.14	75.35	75.30	74.51	72.88	71.15	69.91	69.21	69.26	70.05	71.47	73.32	75.67	77.93	79.72	81.16	82.39	83.65	85.06	86.35	86.35	86.35	86.35	86.35
530 	[Retrieved Data]2140 (5/14/2024 8:44:12 AM)	86.50	-0.86	2.46	10.66	10.66	10.66	10.66	10.66	20.86	46.20	66.97	73.10	70.72	65.54	65.25	64.74	64.94	67.95	70.98	72.11	71.96	71.12	69.52	67.81	66.60	65.88	65.90	66.60	68.01	69.87	72.18	74.40	76.20	77.64	78.92	80.16	81.53	82.85	82.85	82.85	82.85	82.85
531 	[Retrieved Data]2141 (5/14/2024 8:44:12 AM)	88.46	1.43	3.49	13.21	13.21	13.21	13.21	13.21	23.72	49.47	69.93	75.70	73.30	68.43	68.02	67.38	67.56	70.37	73.06	74.08	74.14	73.63	72.41	71.35	71.04	71.31	72.10	73.30	74.81	76.54	78.60	80.52	82.05	83.28	84.31	85.37	86.51	87.58	87.58	87.58	87.58	87.58
531 	[Retrieved Data]2141 (5/14/2024 8:44:12 AM)	86.87	1.53	3.03	10.42	10.42	10.42	10.42	10.42	20.89	46.65	67.49	73.54	70.90	65.65	65.20	64.48	64.51	67.27	69.92	70.87	70.85	70.28	69.05	68.05	67.75	68.01	68.76	69.89	71.36	73.12	75.12	77.05	78.59	79.80	80.89	81.91	83.05	84.14	84.14	84.14	84.14	84.14
532 	[Retrieved Data]2142 (5/14/2024 8:44:12 AM)	91.68	2.69	4.55	13.95	13.95	13.95	13.95	13.95	25.66	53.59	75.44	81.67	78.96	73.86	73.44	72.72	72.61	75.26	77.96	79.09	79.29	79.18	78.65	78.42	79.03	80.13	81.50	82.85	84.01	85.08	86.22	87.18	87.97	88.57	89.08	89.62	90.16	90.59	90.59	90.59	90.59	90.59
532 	[Retrieved Data]2142 (5/14/2024 8:44:12 AM)	90.21	2.83	4.08	11.21	11.21	11.21	11.21	11.21	22.88	50.85	73.15	79.68	76.73	71.22	70.77	69.92	69.66	72.21	74.89	75.97	76.04	75.89	75.38	75.18	75.80	76.91	78.22	79.48	80.63	81.69	82.83	83.78	84.57	85.20	85.70	86.24	86.79	87.20	87.20	87.20	87.20	87.20
533 	[Retrieved Data]2143 (5/14/2024 8:44:12 AM)	93.91	-1.64	5.85	14.08	14.08	14.08	14.08	14.08	26.21	55.01	77.60	84.20	81.67	76.84	76.95	76.91	77.39	81.02	85.05	87.03	87.24	86.96	86.24	85.25	84.46	83.91	83.85	84.20	84.82	85.60	86.60	87.48	88.24	88.81	89.31	89.84	90.39	90.80	90.80	90.80	90.80	90.80
533 	[Retrieved Data]2143 (5/14/2024 8:44:12 AM)	92.53	-1.64	5.43	11.36	11.36	11.36	11.36	11.36	23.46	52.31	75.26	82.23	79.50	74.27	74.39	74.06	74.48	78.10	82.10	83.94	84.05	83.76	83.04	82.08	81.29	80.74	80.59	80.88	81.47	82.24	83.24	84.10	84.85	85.46	85.98	86.50	87.04	87.48	87.48	87.48	87.48	87.48
534 	[Retrieved Data]2144 (5/14/2024 8:44:12 AM)	89.08	3.26	7.85	13.27	13.27	13.27	13.27	13.27	23.22	47.29	66.01	71.13	68.79	64.29	64.05	63.85	64.66	68.21	71.56	73.09	73.53	73.42	72.72	72.46	73.22	74.59	76.25	77.91	79.45	80.96	82.60	84.08	85.22	86.13	86.87	87.66	88.50	89.23	89.23	89.23	89.23	89.23
534 	[Retrieved Data]2144 (5/14/2024 8:44:12 AM)	87.49	3.42	7.52	10.46	10.46	10.46	10.46	10.46	20.37	44.46	63.54	68.91	66.35	61.49	61.17	60.95	61.61	65.07	68.39	69.86	70.23	70.05	69.35	69.12	69.92	71.27	72.90	74.46	76.00	77.49	79.10	80.59	81.72	82.64	83.46	84.22	85.06	85.78	85.78	85.78	85.78	85.78
535 	[Retrieved Data]2145 (5/14/2024 8:44:12 AM)	91.09	-0.71	8.34	13.09	13.09	13.09	13.09	13.09	23.73	49.06	68.65	74.19	71.91	67.57	67.73	67.92	69.11	73.45	77.88	80.06	80.48	80.18	79.26	78.25	77.74	77.65	78.04	78.85	79.92	81.18	82.72	84.10	85.26	86.15	86.91	87.68	88.52	89.24	89.24	89.24	89.24	89.24
535 	[Retrieved Data]2145 (5/14/2024 8:44:12 AM)	89.58	-0.68	8.02	10.35	10.35	10.35	10.35	10.35	20.95	46.28	66.19	72.03	69.54	64.83	64.96	65.03	66.08	70.37	74.78	76.87	77.21	76.87	75.92	74.99	74.48	74.37	74.72	75.45	76.50	77.74	79.27	80.66	81.81	82.70	83.51	84.28	85.10	85.83	85.83	85.83	85.83	85.83
536 	[Retrieved Data]2146 (5/14/2024 8:44:12 AM)	94.62	0.98	8.77	14.10	14.10	14.10	14.10	14.10	26.14	54.24	75.70	81.86	79.25	74.56	74.67	74.54	75.19	79.06	83.37	85.65	86.26	86.49	86.46	86.52	87.12	88.02	89.02	89.92	90.55	90.96	91.40	91.64	91.92	92.10	92.24	92.42	92.56	92.56	92.56	92.56	92.56	92.56
536 	[Retrieved Data]2146 (5/14/2024 8:44:12 AM)	93.27	1.07	8.41	11.43	11.43	11.43	11.43	11.43	23.42	51.59	73.50	79.99	77.12	72.00	72.05	71.83	72.32	76.12	80.37	82.61	83.13	83.32	83.27	83.37	83.99	84.88	85.84	86.66	87.27	87.67	88.05	88.32	88.57	88.78	88.96	89.12	89.25	89.24	89.24	89.24	89.24	89.24
537 	[Retrieved Data]2147 (5/14/2024 8:44:12 AM)	89.26	4.66	1.56	14.33	14.33	14.33	14.33	14.33	25.73	53.25	74.75	80.76	78.11	72.68	71.85	70.45	69.74	71.44	73.00	73.39	73.38	73.13	72.38	72.11	72.94	74.41	76.19	77.95	79.54	81.06	82.67	84.13	85.29	86.18	86.92	87.68	88.51	89.24	89.24	89.24	89.24	89.24
537 	[Retrieved Data]2147 (5/14/2024 8:44:12 AM)	87.69	4.88	1.01	11.55	11.55	11.55	11.55	11.55	22.90	50.43	72.37	78.70	75.81	69.94	69.06	67.57	66.70	68.32	69.85	70.20	70.09	69.78	69.04	68.80	69.63	71.10	72.86	74.53	76.12	77.59	79.22	80.67	81.79	82.72	83.50	84.26	85.06	85.78	85.78	85.78	85.78	85.78
538 	[Retrieved Data]2148 (5/14/2024 8:44:12 AM)	90.49	-1.08	2.38	14.17	14.17	14.17	14.17	14.17	25.56	53.12	75.08	81.45	79.04	74.06	73.78	73.28	73.28	76.08	79.04	80.24	80.13	79.44	78.08	76.52	75.34	74.65	74.64	75.26	76.37	77.86	79.70	81.46	82.89	83.98	84.96	85.96	87.04	88.00	88.00	88.00	88.00	88.00
538 	[Retrieved Data]2148 (5/14/2024 8:44:12 AM)	88.95	-1.06	1.89	11.32	11.32	11.32	11.32	11.32	22.69	50.26	72.57	79.32	76.67	71.32	71.05	70.29	70.21	73.01	75.94	77.02	76.80	76.10	74.74	73.21	72.07	71.34	71.26	71.80	72.91	74.39	76.21	77.96	79.37	80.52	81.50	82.52	83.54	84.53	84.53	84.53	84.53	84.53
539 	[Retrieved Data]2149 (5/14/2024 8:44:12 AM)	91.06	0.70	3.19	14.07	14.07	14.07	14.07	14.07	25.65	53.50	75.50	81.86	79.33	74.28	73.96	73.22	73.20	75.92	78.69	79.75	79.74	79.34	78.37	77.42	77.08	77.20	77.80	78.74	79.89	81.17	82.72	84.12	85.24	86.15	86.89	87.67	88.51	89.25	89.25	89.25	89.25	89.25
539 	[Retrieved Data]2149 (5/14/2024 8:44:12 AM)	89.56	0.79	2.70	11.30	11.30	11.30	11.30	11.30	22.83	50.71	73.16	79.86	77.07	71.58	71.21	70.42	70.25	72.87	75.59	76.59	76.50	76.04	75.07	74.17	73.84	73.96	74.50	75.35	76.48	77.77	79.30	80.67	81.81	82.72	83.52	84.28	85.12	85.85	85.85	85.85	85.85	85.85
540 	[Retrieved Data]2150 (5/14/2024 8:44:12 AM)	94.57	2.13	4.46	14.46	14.46	14.46	14.46	14.46	27.30	57.72	81.58	88.56	85.74	80.43	80.20	79.33	79.00	81.53	84.25	85.40	85.53	85.63	85.53	85.64	86.39	87.48	88.69	89.77	90.50	90.95	91.39	91.70	91.94	92.13	92.27	92.45	92.62	92.62	92.62	92.62	92.62	92.62
540 	[Retrieved Data]2150 (5/14/2024 8:44:12 AM)	93.23	2.25	3.98	11.76	11.76	11.76	11.76	11.76	24.55	55.06	79.43	86.77	83.71	77.93	77.65	76.62	76.15	78.62	81.32	82.37	82.41	82.47	82.39	82.49	83.27	84.37	85.54	86.53	87.22	87.68	88.09	88.36	88.64	88.83	88.98	89.18	89.30	89.33	89.33	89.33	89.33	89.33
541 	[Retrieved Data]2151 (5/14/2024 8:44:12 AM)	88.52	1.23	6.65	12.94	12.94	12.94	12.94	12.94	22.85	46.99	65.99	71.27	69.02	64.59	64.46	64.38	65.25	68.95	72.36	73.80	74.06	73.67	72.59	71.70	71.60	72.02	72.93	74.17	75.64	77.34	79.32	81.15	82.65	83.82	84.79	85.82	86.91	87.91	87.91	87.91	87.91	87.91
541 	[Retrieved Data]2151 (5/14/2024 8:44:12 AM)	86.92	1.32	6.32	10.12	10.12	10.12	10.12	10.12	19.98	44.13	63.45	68.99	66.56	61.76	61.59	61.40	62.16	65.80	69.17	70.57	70.75	70.31	69.23	68.39	68.29	68.70	69.55	70.71	72.20	73.88	75.83	77.69	79.18	80.34	81.34	82.36	83.44	84.47	84.47	84.47	84.47	84.47
542 	[Retrieved Data]2152 (5/14/2024 8:44:12 AM)	91.88	3.40	7.32	13.93	13.93	13.93	13.93	13.93	25.16	51.79	72.32	78.04	75.43	70.67	70.42	70.05	70.46	73.73	76.96	78.46	78.85	78.93	78.65	78.80	79.94	81.62	83.43	85.00	86.20	87.15	88.10	88.81	89.43	89.90	90.27	90.66	91.08	91.35	91.35	91.35	91.35	91.35
542 	[Retrieved Data]2152 (5/14/2024 8:44:12 AM)	90.41	3.56	6.95	11.18	11.18	11.18	11.18	11.18	22.38	49.04	69.95	75.98	73.16	67.99	67.71	67.17	67.48	70.69	73.89	75.30	75.63	75.66	75.38	75.59	76.71	78.37	80.14	81.64	82.86	83.75	84.67	85.42	86.05	86.50	86.89	87.30	87.66	87.96	87.96	87.96	87.96	87.96
543 	[Retrieved Data]2153 (5/14/2024 8:44:12 AM)	93.98	-1.62	8.32	13.74	13.74	13.74	13.74	13.74	25.50	53.12	74.41	80.59	78.15	73.66	73.96	74.19	75.21	79.56	84.24	86.67	87.11	86.99	86.44	85.63	85.04	84.69	84.76	85.18	85.78	86.48	87.38	88.18	88.87	89.36	89.79	90.26	90.76	91.08	91.08	91.08	91.08	91.08
543 	[Retrieved Data]2153 (5/14/2024 8:44:12 AM)	92.59	-1.64	7.98	11.01	11.01	11.01	11.01	11.01	22.74	50.38	72.07	78.59	75.92	71.04	71.31	71.35	72.29	76.57	81.27	83.58	83.94	83.79	83.22	82.43	81.86	81.50	81.49	81.81	82.40	83.08	83.99	84.76	85.44	85.98	86.42	86.91	87.38	87.73	87.73	87.73	87.73	87.73
544 	[Retrieved Data]2154 (5/14/2024 8:44:12 AM)	89.47	3.89	9.85	13.06	13.06	13.06	13.06	13.06	22.79	46.26	64.44	69.35	67.03	62.69	62.53	62.47	63.39	67.21	71.02	73.01	73.72	73.77	73.29	73.31	74.44	76.22	78.24	80.09	81.64	82.99	84.41	85.68	86.64	87.42	88.02	88.68	89.36	89.94	89.94	89.94	89.94	89.94
544 	[Retrieved Data]2154 (5/14/2024 8:44:12 AM)	87.90	4.06	9.60	10.26	10.26	10.26	10.26	10.26	19.95	43.44	61.91	67.07	64.63	59.90	59.74	59.52	60.33	64.10	67.89	69.78	70.40	70.44	69.94	70.00	71.17	72.92	74.91	76.67	78.20	79.57	80.98	82.20	83.19	83.97	84.60	85.24	85.92	86.52	86.52	86.52	86.52	86.52
545 	[Retrieved Data]2155 (5/14/2024 8:44:12 AM)	23.71	2.46	0.52	4.36	4.36	4.36	4.36	4.36	4.20	4.09	4.03	3.96	3.93	3.89	3.86	3.84	3.83	3.82	3.81	3.80	3.80	3.83	3.89	3.95	4.01	4.06	4.11	4.18	4.24	4.33	4.39	4.47	4.56	4.76	5.26	6.48	9.23	15.04	15.04	15.04	15.04	15.04
545 	[Retrieved Data]2155 (5/14/2024 8:44:12 AM)	4.69	2.37	-3.62	1.30	1.30	1.30	1.30	1.30	1.13	1.03	0.94	0.82	0.76	0.70	0.68	0.63	0.59	0.60	0.57	0.54	0.51	0.48	0.48	0.46	0.46	0.48	0.47	0.47	0.46	0.50	0.52	0.58	0.66	0.78	1.27	2.44	5.10	10.84	10.84	10.84	10.84	10.84
546 	[Retrieved Data]2156 (5/14/2024 8:44:12 AM)	42.46	-48.33	24.03	4.69	4.69	4.69	4.69	4.69	4.60	4.52	4.50	4.48	4.51	4.60	4.77	5.17	6.34	11.20	22.71	31.82	30.71	22.98	14.59	8.47	5.44	4.42	4.20	4.23	4.39	4.68	5.23	6.16	7.30	8.66	10.28	12.37	15.37	19.63	19.63	19.63	19.63	19.63
546 	[Retrieved Data]2156 (5/14/2024 8:44:12 AM)	36.43	-65.87	33.34	1.70	1.70	1.70	1.70	1.70	1.56	1.46	1.37	1.28	1.24	1.25	1.36	1.66	2.75	7.53	18.94	28.01	26.89	19.23	10.99	5.02	2.08	1.08	0.82	0.79	0.88	1.12	1.62	2.54	3.66	4.97	6.61	8.68	11.63	15.86	15.86	15.86	15.86	15.86
547 	[Retrieved Data]2157 (5/14/2024 8:44:12 AM)	94.11	0.12	3.17	14.68	14.68	14.68	14.68	14.68	27.43	57.87	81.93	89.08	86.42	81.18	80.98	80.20	79.84	82.35	85.20	86.41	86.39	86.18	85.68	85.04	84.81	84.85	85.25	85.85	86.52	87.17	88.03	88.70	89.31	89.77	90.14	90.54	90.97	91.27	91.27	91.27	91.27	91.27
547 	[Retrieved Data]2157 (5/14/2024 8:44:12 AM)	92.77	0.17	2.63	11.98	11.98	11.98	11.98	11.98	24.71	55.24	79.85	87.39	84.48	78.72	78.50	77.58	77.11	79.51	82.34	83.44	83.31	83.06	82.55	81.96	81.72	81.75	82.09	82.59	83.25	83.91	84.71	85.36	85.97	86.45	86.85	87.27	87.64	87.93	87.93	87.93	87.93	87.93
548 	[Retrieved Data]2158 (5/14/2024 8:44:12 AM)	88.00	-0.65	5.66	12.90	12.90	12.90	12.90	12.90	22.66	46.69	65.89	71.30	69.15	64.74	64.64	64.60	65.47	69.23	72.89	74.48	74.64	73.98	72.52	71.00	70.05	69.63	69.89	70.81	72.25	74.11	76.37	78.53	80.26	81.67	82.86	84.07	85.38	86.63	86.63	86.63	86.63	86.63
548 	[Retrieved Data]2158 (5/14/2024 8:44:12 AM)	86.38	-0.61	5.28	10.08	10.08	10.08	10.08	10.08	19.81	43.84	63.34	69.02	66.69	61.92	61.80	61.61	62.38	66.06	69.71	71.23	71.30	70.61	69.14	67.66	66.73	66.30	66.52	67.36	68.78	70.63	72.86	75.04	76.74	78.19	79.38	80.59	81.89	83.16	83.16	83.16	83.16	83.16
549 	[Retrieved Data]2159 (5/14/2024 8:44:12 AM)	91.45	1.14	5.86	13.67	13.67	13.67	13.67	13.67	25.00	51.95	72.94	78.92	76.39	71.60	71.42	71.04	71.40	74.69	78.11	79.71	79.96	79.75	79.04	78.44	78.51	79.04	79.93	80.99	82.09	83.23	84.57	85.72	86.71	87.44	88.06	88.73	89.43	89.99	89.99	89.99	89.99	89.99
549 	[Retrieved Data]2159 (5/14/2024 8:44:12 AM)	89.97	1.23	5.45	10.94	10.94	10.94	10.94	10.94	22.22	49.18	70.56	76.86	74.10	68.90	68.71	68.16	68.41	71.62	75.03	76.53	76.70	76.48	75.76	75.19	75.26	75.78	76.62	77.62	78.71	79.83	81.15	82.33	83.27	84.04	84.67	85.34	86.03	86.60	86.60	86.60	86.60	86.60
550 	[Retrieved Data]2160 (5/14/2024 8:44:12 AM)	94.45	1.82	6.55	14.53	14.53	14.53	14.53	14.53	26.91	55.97	78.41	84.91	82.23	77.23	77.13	76.63	76.75	79.88	83.32	85.02	85.39	85.55	85.50	85.62	86.38	87.47	88.70	89.75	90.46	90.91	91.37	91.65	91.90	92.10	92.23	92.41	92.56	92.55	92.55	92.55	92.55	92.55
550 	[Retrieved Data]2160 (5/14/2024 8:44:12 AM)	93.09	1.91	6.14	11.81	11.81	11.81	11.81	11.81	24.16	53.29	76.19	83.05	80.14	74.68	74.55	73.86	73.87	76.94	80.36	81.96	82.25	82.38	82.33	82.48	83.24	84.34	85.48	86.46	87.14	87.60	88.03	88.29	88.56	88.76	88.93	89.08	89.21	89.25	89.25	89.25	89.25	89.25
551 	[Retrieved Data]2161 (5/14/2024 8:44:12 AM)	88.80	1.89	8.90	12.78	12.78	12.78	12.78	12.78	22.38	45.70	63.87	68.86	66.69	62.48	62.40	62.49	63.63	67.72	71.61	73.43	73.94	73.74	72.88	72.30	72.59	73.44	74.71	76.12	77.62	79.19	80.99	82.64	83.94	84.97	85.82	86.72	87.68	88.55	88.55	88.55	88.55	88.55
551 	[Retrieved Data]2161 (5/14/2024 8:44:12 AM)	87.23	1.99	8.64	10.01	10.01	10.01	10.01	10.01	19.57	42.89	61.33	66.61	64.24	59.71	59.61	59.52	60.60	64.63	68.49	70.22	70.67	70.44	69.58	69.02	69.32	70.19	71.39	72.72	74.24	75.74	77.55	79.17	80.49	81.51	82.43	83.30	84.24	85.13	85.13	85.13	85.13	85.13
552 	[Retrieved Data]2162 (5/14/2024 8:44:12 AM)	92.03	3.54	10.06	13.54	13.54	13.54	13.54	13.54	24.28	49.68	69.18	74.57	72.07	67.56	67.42	67.23	67.99	71.81	75.91	78.14	78.95	79.21	79.08	79.40	80.75	82.64	84.63	86.32	87.55	88.38	89.20	89.79	90.29	90.65	90.93	91.27	91.59	91.79	91.79	91.79	91.79	91.79
552 	[Retrieved Data]2162 (5/14/2024 8:44:12 AM)	90.58	3.69	9.77	10.83	10.83	10.83	10.83	10.83	21.53	46.97	66.81	72.48	69.79	64.88	64.73	64.41	65.04	68.78	72.87	75.03	75.73	75.95	75.82	76.19	77.54	79.42	81.36	82.99	84.18	85.02	85.80	86.39	86.88	87.30	87.59	87.93	88.21	88.41	88.41	88.41	88.41	88.41
553 	[Retrieved Data]2163 (5/14/2024 8:44:12 AM)	27.74	26.27	-48.32	11.84	11.84	11.84	11.84	11.84	15.19	24.13	34.54	35.23	30.34	23.19	17.33	12.42	9.52	7.39	5.97	5.29	5.01	4.73	4.40	4.18	4.08	4.07	4.12	4.23	4.45	4.86	5.60	6.81	8.24	9.83	11.70	13.99	17.19	21.63	21.63	21.63	21.63	21.63
553 	[Retrieved Data]2163 (5/14/2024 8:44:12 AM)	15.61	42.22	-63.03	8.67	8.67	8.67	8.67	8.67	11.94	20.78	31.19	31.86	26.95	19.75	13.91	9.04	6.14	4.05	2.64	1.97	1.68	1.41	1.11	0.91	0.80	0.79	0.80	0.85	1.03	1.38	2.10	3.31	4.71	6.29	8.14	10.44	13.60	18.01	18.01	18.01	18.01	18.01
