197 	[Retrieved Data]1807 (5/14/2024 8:44:11 AM)	40.50	41.86	27.03	4.62	4.62	4.62	4.62	4.62	4.47	4.37	4.31	4.26	4.24	4.25	4.31	4.42	4.57	4.80	5.05	5.19	5.24	5.24	5.21	5.37	6.35	9.24	14.89	22.31	29.39	34.30	37.35	38.95	39.79	40.55	41.41	43.01	45.72	50.01	50.01	50.01	50.01	50.01
197 	[Retrieved Data]1807 (5/14/2024 8:44:11 AM)	33.06	51.00	41.35	1.60	1.60	1.60	1.60	1.60	1.42	1.28	1.15	1.03	0.95	0.89	0.88	0.91	1.00	1.14	1.31	1.41	1.45	1.45	1.37	1.48	2.39	5.19	10.70	17.95	24.94	29.76	32.72	34.33	35.07	35.86	36.72	38.29	40.95	45.21	45.21	45.21	45.21	45.21
198 	[Retrieved Data]1808 (5/14/2024 8:44:11 AM)	80.06	-0.08	17.84	10.25	10.25	10.25	10.25	10.25	15.15	28.42	39.26	41.97	41.02	38.62	39.30	41.04	44.57	50.91	55.89	58.14	58.84	58.27	56.59	55.29	54.87	54.98	55.75	57.21	59.38	62.17	65.55	68.89	71.57	73.69	75.57	77.45	79.54	81.63	81.63	81.63	81.63	81.63
198 	[Retrieved Data]1808 (5/14/2024 8:44:11 AM)	78.08	-0.02	18.14	7.35	7.35	7.35	7.35	7.35	12.24	25.50	36.43	39.24	38.21	35.58	36.27	37.91	41.35	47.63	52.55	54.71	55.38	54.78	53.11	51.86	51.48	51.57	52.33	53.70	55.87	58.66	61.97	65.29	67.95	70.10	71.96	73.86	75.92	78.00	78.00	78.00	78.00	78.00
199 	[Retrieved Data]1809 (5/14/2024 8:44:11 AM)	75.74	3.90	18.91	9.27	9.27	9.27	9.27	9.27	13.01	23.74	32.89	35.03	34.28	32.19	32.76	34.38	37.74	43.40	47.23	48.83	49.48	49.01	47.54	46.87	47.40	48.53	50.14	52.19	54.78	57.96	61.68	65.43	68.40	70.76	72.87	74.98	77.30	79.70	79.70	79.70	79.70	79.70
199 	[Retrieved Data]1809 (5/14/2024 8:44:11 AM)	73.60	4.15	19.42	6.40	6.40	6.40	6.40	6.40	10.12	20.84	30.04	32.26	31.44	29.20	29.71	31.25	34.54	40.12	43.93	45.44	46.07	45.58	44.14	43.49	44.05	45.17	46.77	48.72	51.33	54.50	58.18	61.88	64.82	67.20	69.30	71.40	73.70	76.14	76.14	76.14	76.14	76.14
200 	[Retrieved Data]1810 (5/14/2024 8:44:11 AM)	77.26	0.01	20.06	9.32	9.32	9.32	9.32	9.32	13.24	24.23	33.38	35.60	34.93	33.06	33.91	35.90	39.88	46.54	51.33	53.32	53.96	53.33	51.57	50.26	49.87	50.00	50.78	52.28	54.61	57.68	61.37	65.11	68.08	70.49	72.60	74.75	77.12	79.56	79.56	79.56	79.56	79.56
200 	[Retrieved Data]1810 (5/14/2024 8:44:11 AM)	75.21	0.08	20.58	6.49	6.49	6.49	6.49	6.49	10.39	21.35	30.60	32.90	32.16	30.09	30.89	32.82	36.70	43.31	48.06	49.99	50.60	49.93	48.19	46.93	46.58	46.68	47.45	48.89	51.21	54.25	57.89	61.62	64.57	67.00	69.11	71.24	73.58	76.05	76.05	76.05	76.05	76.05
201 	[Retrieved Data]1811 (5/14/2024 8:44:11 AM)	80.60	1.80	22.45	9.77	9.77	9.77	9.77	9.77	14.33	26.49	36.11	38.43	37.54	35.50	36.33	38.33	42.29	49.21	54.66	57.26	58.23	57.98	56.71	56.05	56.50	57.51	58.98	60.80	63.03	65.72	68.83	71.89	74.32	76.21	77.85	79.54	81.38	83.22	83.22	83.22	83.22	83.22
201 	[Retrieved Data]1811 (5/14/2024 8:44:11 AM)	78.68	1.93	22.98	6.94	6.94	6.94	6.94	6.94	11.47	23.60	33.35	35.77	34.76	32.51	33.31	35.22	39.13	45.98	51.35	53.88	54.85	54.56	53.30	52.67	53.13	54.13	55.59	57.34	59.54	62.26	65.31	68.32	70.77	72.68	74.31	75.99	77.81	79.66	79.66	79.66	79.66	79.66
202 	[Retrieved Data]1812 (5/14/2024 8:44:11 AM)	74.82	0.91	20.67	8.88	8.88	8.88	8.88	8.88	12.22	21.89	30.04	31.96	31.38	29.68	30.44	32.33	36.13	42.53	47.10	49.05	49.71	49.05	47.29	46.07	45.80	46.05	46.95	48.55	51.03	54.27	58.18	62.17	65.36	67.99	70.28	72.62	75.18	77.88	77.88	77.88	77.88	77.88
202 	[Retrieved Data]1812 (5/14/2024 8:44:11 AM)	72.63	1.04	21.34	6.02	6.02	6.02	6.02	6.02	9.33	18.96	27.20	29.18	28.53	26.66	27.37	29.18	32.93	39.24	43.75	45.64	46.29	45.63	43.87	42.68	42.44	42.68	43.57	45.12	47.57	50.80	54.67	58.64	61.83	64.44	66.73	69.08	71.63	74.32	74.32	74.32	74.32	74.32
203 	[Retrieved Data]1813 (5/14/2024 8:44:11 AM)	77.99	2.96	22.46	9.28	9.28	9.28	9.28	9.28	13.23	24.17	33.10	35.17	34.29	32.24	32.85	34.50	37.90	44.16	49.54	52.45	53.61	53.31	51.95	51.23	51.68	52.76	54.36	56.34	58.80	61.75	65.20	68.59	71.29	73.45	75.32	77.21	79.30	81.43	81.43	81.43	81.43	81.43
203 	[Retrieved Data]1813 (5/14/2024 8:44:11 AM)	75.95	3.13	23.05	6.43	6.43	6.43	6.43	6.43	10.37	21.30	30.33	32.44	31.50	29.26	29.81	31.41	34.75	40.91	46.25	49.09	50.21	49.89	48.50	47.82	48.30	49.37	50.95	52.84	55.29	58.26	61.62	65.00	67.70	69.88	71.74	73.66	75.71	77.85	77.85	77.85	77.85	77.85
204 	[Retrieved Data]1814 (5/14/2024 8:44:11 AM)	80.98	4.86	25.69	9.43	9.43	9.43	9.43	9.43	13.82	25.41	34.41	36.46	35.48	33.47	34.22	36.08	39.86	46.64	52.40	55.50	56.90	56.99	56.16	56.22	57.73	59.93	62.41	64.79	67.21	69.76	72.58	75.26	77.37	79.02	80.39	81.82	83.38	84.92	84.92	84.92	84.92	84.92
204 	[Retrieved Data]1814 (5/14/2024 8:44:11 AM)	79.08	5.09	26.35	6.63	6.63	6.63	6.63	6.63	11.00	22.57	31.66	33.79	32.73	30.56	31.27	33.02	36.74	43.43	49.16	52.17	53.51	53.60	52.77	52.86	54.39	56.56	59.00	61.33	63.73	66.30	69.06	71.73	73.84	75.50	76.86	78.31	79.84	81.39	81.39	81.39	81.39	81.39
205 	[Retrieved Data]1815 (5/14/2024 8:44:11 AM)	74.68	-0.43	16.74	9.36	9.36	9.36	9.36	9.36	12.99	23.61	32.83	35.07	34.43	32.44	33.11	34.82	38.34	44.29	48.38	49.98	50.43	49.56	47.56	45.98	45.21	44.87	45.28	46.62	49.00	52.31	56.36	60.51	63.86	66.63	69.02	71.49	74.21	77.09	77.09	77.09	77.09	77.09
205 	[Retrieved Data]1815 (5/14/2024 8:44:11 AM)	72.44	-0.36	17.17	6.42	6.42	6.42	6.42	6.42	10.04	20.64	29.93	32.24	31.51	29.35	30.00	31.62	35.08	40.93	44.96	46.53	46.94	46.07	44.08	42.54	41.80	41.46	41.86	43.14	45.50	48.80	52.78	56.92	60.24	62.99	65.40	67.87	70.56	73.42	73.42	73.42	73.42	73.42
206 	[Retrieved Data]1816 (5/14/2024 8:44:11 AM)	75.35	1.56	17.56	9.60	9.60	9.60	9.60	9.60	13.34	24.05	33.20	35.42	34.74	32.71	33.30	34.91	38.36	44.19	48.18	49.77	50.30	49.62	47.86	46.65	46.46	46.81	47.80	49.46	51.95	55.16	59.03	62.94	66.08	68.66	70.89	73.18	75.71	78.36	78.36	78.36	78.36	78.36
206 	[Retrieved Data]1816 (5/14/2024 8:44:11 AM)	73.18	1.70	18.00	6.69	6.69	6.69	6.69	6.69	10.41	21.14	30.35	32.66	31.89	29.67	30.22	31.77	35.13	40.91	44.86	46.37	46.88	46.17	44.42	43.25	43.09	43.44	44.41	46.02	48.48	51.67	55.49	59.38	62.51	65.09	67.32	69.62	72.10	74.77	74.77	74.77	74.77	74.77
207 	[Retrieved Data]1817 (5/14/2024 8:44:11 AM)	78.30	3.50	18.67	9.75	9.75	9.75	9.75	9.75	14.15	26.36	36.49	38.92	38.00	35.67	36.20	37.71	40.95	46.77	51.06	52.98	53.74	53.34	51.98	51.32	51.89	53.08	54.77	56.80	59.25	62.19	65.61	68.96	71.66	73.78	75.62	77.52	79.58	81.68	81.68	81.68	81.68	81.68
207 	[Retrieved Data]1817 (5/14/2024 8:44:11 AM)	76.27	3.71	19.06	6.88	6.88	6.88	6.88	6.88	11.26	23.46	33.71	36.23	35.20	32.65	33.15	34.59	37.77	43.49	47.74	49.61	50.33	49.92	48.57	47.94	48.52	49.71	51.36	53.32	55.77	58.71	62.06	65.40	68.06	70.24	72.04	73.93	75.98	78.09	78.09	78.09	78.09	78.09
208 	[Retrieved Data]1818 (5/14/2024 8:44:11 AM)	80.11	-0.18	21.18	9.60	9.60	9.60	9.60	9.60	14.13	26.39	36.29	38.72	37.90	35.85	36.74	38.75	42.75	49.75	55.29	57.88	58.76	58.29	56.72	55.54	55.28	55.54	56.41	57.87	60.06	62.83	66.15	69.44	72.06	74.16	75.97	77.81	79.84	81.91	81.91	81.91	81.91	81.91
208 	[Retrieved Data]1818 (5/14/2024 8:44:11 AM)	78.15	-0.12	21.64	6.77	6.77	6.77	6.77	6.77	11.27	23.49	33.50	36.04	35.12	32.87	33.71	35.65	39.56	46.48	51.98	54.50	55.32	54.82	53.27	52.14	51.89	52.15	53.01	54.42	56.56	59.32	62.60	65.86	68.47	70.60	72.39	74.26	76.26	78.32	78.32	78.32	78.32	78.32
209 	[Retrieved Data]1819 (5/14/2024 8:44:11 AM)	75.98	4.17	21.08	9.28	9.28	9.28	9.28	9.28	12.87	23.01	31.45	33.40	32.69	30.85	31.49	33.22	36.82	42.88	47.05	48.78	49.55	49.20	47.82	47.25	47.96	49.31	51.09	53.22	55.85	59.00	62.67	66.28	69.20	71.53	73.55	75.62	77.89	80.25	80.25	80.25	80.25	80.25
209 	[Retrieved Data]1819 (5/14/2024 8:44:11 AM)	73.84	4.43	21.73	6.40	6.40	6.40	6.40	6.40	9.97	20.09	28.59	30.61	29.83	27.83	28.43	30.08	33.61	39.59	43.71	45.37	46.13	45.75	44.40	43.86	44.60	45.92	47.68	49.76	52.37	55.52	59.12	62.74	65.63	67.99	69.98	72.07	74.31	76.67	76.67	76.67	76.67	76.67
210 	[Retrieved Data]1820 (5/14/2024 8:44:11 AM)	77.64	0.90	22.33	9.15	9.15	9.15	9.15	9.15	12.95	23.52	32.22	34.28	33.61	31.82	32.65	34.63	38.65	45.54	50.76	53.14	54.02	53.55	51.95	50.87	50.82	51.33	52.42	54.08	56.45	59.45	63.04	66.62	69.46	71.80	73.77	75.83	78.08	80.42	80.42	80.42	80.42	80.42
210 	[Retrieved Data]1820 (5/14/2024 8:44:11 AM)	75.59	1.00	22.98	6.31	6.31	6.31	6.31	6.31	10.08	20.62	29.44	31.55	30.79	28.80	29.60	31.53	35.49	42.27	47.47	49.78	50.63	50.12	48.55	47.51	47.46	47.95	49.05	50.64	52.99	55.99	59.53	63.06	65.91	68.28	70.24	72.30	74.53	76.84	76.84	76.84	76.84	76.84
211 	[Retrieved Data]1821 (5/14/2024 8:44:11 AM)	80.71	2.65	23.60	9.66	9.66	9.66	9.66	9.66	14.12	26.16	35.77	38.00	36.99	34.77	35.42	37.10	40.58	47.18	53.26	56.75	58.18	58.06	56.88	56.33	56.96	58.21	59.90	61.82	64.11	66.74	69.78	72.70	75.08	76.91	78.48	80.12	81.88	83.65	83.65	83.65	83.65	83.65
211 	[Retrieved Data]1821 (5/14/2024 8:44:11 AM)	78.78	2.80	24.14	6.84	6.84	6.84	6.84	6.84	11.29	23.28	33.01	35.35	34.24	31.81	32.42	34.03	37.47	43.94	49.97	53.38	54.77	54.63	53.45	52.93	53.59	54.80	56.45	58.31	60.60	63.24	66.22	69.15	71.50	73.33	74.91	76.55	78.29	80.06	80.06	80.06	80.06	80.06
212 	[Retrieved Data]1822 (5/14/2024 8:44:11 AM)	68.98	7.46	24.15	7.78	7.78	7.78	7.78	7.78	9.80	16.19	21.79	22.90	22.52	21.41	22.07	23.78	27.29	32.72	36.00	37.26	37.97	37.59	36.33	36.09	37.21	38.92	40.98	43.37	46.36	50.02	54.32	58.64	62.14	64.99	67.50	70.05	72.89	75.90	75.90	75.90	75.90	75.90
212 	[Retrieved Data]1822 (5/14/2024 8:44:11 AM)	66.46	7.93	25.44	4.93	4.93	4.93	4.93	4.93	6.93	13.27	18.87	20.03	19.58	18.39	19.02	20.61	24.05	29.44	32.68	33.84	34.56	34.20	32.97	32.74	33.86	35.52	37.59	39.91	42.92	46.54	50.75	55.08	58.52	61.39	63.87	66.46	69.22	72.24	72.24	72.24	72.24	72.24
213 	[Retrieved Data]1823 (5/14/2024 8:44:11 AM)	77.27	0.01	16.71	9.78	9.78	9.78	9.78	9.78	14.08	26.14	36.30	38.82	38.03	35.81	36.49	38.13	41.62	47.70	52.03	53.73	54.20	53.48	51.64	50.18	49.65	49.59	50.25	51.68	54.00	57.06	60.80	64.58	67.63	70.08	72.21	74.43	76.83	79.33	79.33	79.33	79.33	79.33
213 	[Retrieved Data]1823 (5/14/2024 8:44:11 AM)	75.19	0.07	17.04	6.84	6.84	6.84	6.84	6.84	11.13	23.19	33.46	36.08	35.21	32.79	33.39	34.98	38.40	44.42	48.69	50.34	50.80	50.02	48.19	46.79	46.28	46.23	46.84	48.20	50.50	53.60	57.27	61.00	64.01	66.51	68.62	70.85	73.23	75.75	75.75	75.75	75.75	75.75
214 	[Retrieved Data]1824 (5/14/2024 8:44:11 AM)	77.84	1.77	18.09	9.85	9.85	9.85	9.85	9.85	14.15	26.13	36.09	38.52	37.68	35.46	36.08	37.72	41.20	47.27	51.58	53.38	54.00	53.46	51.86	50.84	50.86	51.47	52.66	54.40	56.79	59.80	63.36	66.89	69.75	72.01	73.99	76.02	78.24	80.55	80.55	80.55	80.55	80.55
214 	[Retrieved Data]1824 (5/14/2024 8:44:11 AM)	75.79	1.92	18.48	6.92	6.92	6.92	6.92	6.92	11.23	23.22	33.29	35.80	34.89	32.46	33.03	34.61	38.02	44.01	48.30	50.01	50.60	50.03	48.45	47.45	47.50	48.11	49.28	50.95	53.36	56.33	59.85	63.37	66.22	68.48	70.45	72.51	74.69	77.00	77.00	77.00	77.00	77.00
215 	[Retrieved Data]1825 (5/14/2024 8:44:11 AM)	81.06	3.31	19.86	10.10	10.10	10.10	10.10	10.10	15.11	28.52	39.32	41.94	40.86	38.39	38.96	40.55	43.91	50.08	54.96	57.31	58.28	58.07	56.91	56.46	57.26	58.68	60.51	62.52	64.83	67.47	70.45	73.34	75.61	77.40	78.92	80.51	82.22	83.94	83.94	83.94	83.94	83.94
215 	[Retrieved Data]1825 (5/14/2024 8:44:11 AM)	79.17	3.48	20.20	7.23	7.23	7.23	7.23	7.23	12.26	25.68	36.56	39.29	38.15	35.45	36.01	37.47	40.79	46.89	51.70	53.97	54.90	54.68	53.51	53.09	53.90	55.30	57.12	59.07	61.39	63.98	66.92	69.79	72.07	73.86	75.37	76.95	78.64	80.37	80.37	80.37	80.37	80.37
216 	[Retrieved Data]1826 (5/14/2024 8:44:11 AM)	75.17	2.05	19.77	8.95	8.95	8.95	8.95	8.95	12.46	22.55	31.16	33.22	32.60	30.80	31.54	33.36	37.08	43.23	47.34	48.95	49.54	48.96	47.32	46.30	46.37	46.97	48.15	49.92	52.42	55.64	59.50	63.35	66.47	69.00	71.18	73.45	75.90	78.51	78.51	78.51	78.51	78.51
216 	[Retrieved Data]1826 (5/14/2024 8:44:11 AM)	73.14	2.23	20.38	6.13	6.13	6.13	6.13	6.13	9.63	19.74	28.45	30.58	29.93	27.92	28.64	30.37	34.03	40.15	44.23	45.77	46.35	45.75	44.12	43.14	43.21	43.83	44.99	46.70	49.23	52.46	56.25	60.11	63.18	65.74	67.92	70.18	72.64	75.24	75.24	75.24	75.24	75.24
217 	[Retrieved Data]1827 (5/14/2024 8:44:11 AM)	78.62	3.93	22.03	9.46	9.46	9.46	9.46	9.46	13.59	24.90	34.01	36.15	35.32	33.36	34.08	35.91	39.66	46.11	50.75	52.79	53.69	53.47	52.26	51.87	52.78	54.32	56.27	58.44	60.94	63.83	67.11	70.34	72.91	74.92	76.64	78.44	80.38	82.39	82.39	82.39	82.39	82.39
217 	[Retrieved Data]1827 (5/14/2024 8:44:11 AM)	76.61	4.15	22.62	6.60	6.60	6.60	6.60	6.60	10.73	22.02	31.20	33.42	32.52	30.36	31.06	32.79	36.48	42.85	47.46	49.41	50.28	50.05	48.85	48.49	49.41	50.94	52.87	54.97	57.45	60.33	63.57	66.80	69.33	71.34	73.09	74.88	76.81	78.80	78.80	78.80	78.80	78.80
218 	[Retrieved Data]1828 (5/14/2024 8:44:11 AM)	80.27	0.29	22.74	9.54	9.54	9.54	9.54	9.54	13.95	25.82	35.32	37.62	36.78	34.79	35.66	37.70	41.73	48.89	54.75	57.67	58.73	58.36	56.89	55.84	55.78	56.26	57.29	58.87	61.06	63.79	67.03	70.23	72.81	74.83	76.59	78.39	80.34	82.33	82.33	82.33	82.33	82.33
218 	[Retrieved Data]1828 (5/14/2024 8:44:11 AM)	78.33	0.37	23.28	6.71	6.71	6.71	6.71	6.71	11.11	22.96	32.56	34.94	34.02	31.83	32.67	34.60	38.57	45.66	51.46	54.30	55.32	54.93	53.46	52.46	52.41	52.87	53.90	55.42	57.59	60.31	63.51	66.71	69.24	71.30	73.04	74.82	76.80	78.78	78.78	78.78	78.78	78.78
219 	[Retrieved Data]1829 (5/14/2024 8:44:11 AM)	75.95	4.82	22.83	9.04	9.04	9.04	9.04	9.04	12.47	22.23	30.38	32.21	31.44	29.55	30.13	31.70	35.07	41.03	45.78	48.22	49.31	49.05	47.75	47.27	48.14	49.66	51.62	53.87	56.55	59.68	63.32	66.87	69.74	72.04	74.01	76.02	78.24	80.53	80.53	80.53	80.53	80.53
219 	[Retrieved Data]1829 (5/14/2024 8:44:11 AM)	73.81	5.09	23.55	6.18	6.18	6.18	6.18	6.18	9.59	19.35	27.55	29.45	28.61	26.57	27.10	28.59	31.90	37.78	42.46	44.82	45.89	45.61	44.34	43.91	44.76	46.27	48.21	50.40	53.06	56.18	59.76	63.32	66.13	68.43	70.43	72.44	74.62	76.92	76.92	76.92	76.92	76.92
220 	[Retrieved Data]1830 (5/14/2024 8:44:11 AM)	23.91	2.55	0.61	4.41	4.41	4.41	4.41	4.41	4.25	4.13	4.06	4.02	3.97	3.93	3.90	3.89	3.87	3.87	3.86	3.84	3.85	3.89	3.94	4.00	4.08	4.12	4.18	4.26	4.31	4.41	4.48	4.57	4.64	4.85	5.35	6.60	9.38	15.34	15.34	15.34	15.34	15.34
220 	[Retrieved Data]1830 (5/14/2024 8:44:11 AM)	5.06	2.15	-3.76	1.37	1.37	1.37	1.37	1.37	1.21	1.09	0.98	0.87	0.81	0.75	0.72	0.68	0.65	0.66	0.62	0.60	0.56	0.55	0.51	0.50	0.50	0.49	0.49	0.49	0.49	0.54	0.56	0.63	0.69	0.81	1.29	2.47	5.18	11.05	11.05	11.05	11.05	11.05
221 	[Retrieved Data]1831 (5/14/2024 8:44:11 AM)	39.65	-41.13	20.35	4.74	4.74	4.74	4.74	4.74	4.63	4.54	4.50	4.47	4.49	4.56	4.68	4.98	5.91	9.84	19.12	26.26	25.19	18.98	12.34	7.53	5.17	4.40	4.25	4.31	4.43	4.68	5.11	5.85	6.76	7.87	9.27	11.22	14.25	18.90	18.90	18.90	18.90	18.90
221 	[Retrieved Data]1831 (5/14/2024 8:44:11 AM)	32.84	-59.81	29.34	1.72	1.72	1.72	1.72	1.72	1.55	1.42	1.35	1.26	1.19	1.20	1.26	1.51	2.36	6.26	15.47	22.57	21.49	15.31	8.76	4.03	1.73	0.97	0.76	0.74	0.82	1.03	1.41	2.13	3.02	4.10	5.49	7.42	10.42	15.03	15.03	15.03	15.03	15.03
222 	[Retrieved Data]1832 (5/14/2024 8:44:11 AM)	80.48	1.36	18.48	10.21	10.21	10.21	10.21	10.21	15.24	28.70	39.51	42.18	41.15	38.70	39.31	40.91	44.30	50.58	55.52	57.81	58.62	58.19	56.74	55.77	55.84	56.48	57.70	59.39	61.60	64.32	67.52	70.66	73.16	75.18	76.87	78.66	80.59	82.54	82.54	82.54	82.54	82.54
222 	[Retrieved Data]1832 (5/14/2024 8:44:11 AM)	78.55	1.46	18.78	7.36	7.36	7.36	7.36	7.36	12.35	25.80	36.77	39.56	38.41	35.72	36.29	37.83	41.15	47.36	52.24	54.46	55.23	54.78	53.33	52.40	52.48	53.13	54.30	55.92	58.13	60.83	63.98	67.10	69.59	71.65	73.31	75.09	77.00	78.96	78.96	78.96	78.96	78.96
223 	[Retrieved Data]1833 (5/14/2024 8:44:11 AM)	75.03	0.15	18.80	9.13	9.13	9.13	9.13	9.13	12.67	22.90	31.62	33.73	33.15	31.33	32.06	33.88	37.57	43.83	48.22	50.01	50.56	49.81	47.90	46.43	45.88	45.88	46.59	48.07	50.52	53.74	57.70	61.72	64.95	67.60	69.91	72.30	74.92	77.66	77.66	77.66	77.66	77.66
223 	[Retrieved Data]1833 (5/14/2024 8:44:11 AM)	72.84	0.24	19.34	6.24	6.24	6.24	6.24	6.24	9.74	19.96	28.77	30.94	30.27	28.28	28.99	30.71	34.34	40.55	44.88	46.59	47.13	46.36	44.46	43.03	42.51	42.49	43.19	44.63	47.04	50.29	54.16	58.17	61.38	64.04	66.34	68.74	71.33	74.08	74.08	74.08	74.08	74.08
224 	[Retrieved Data]1834 (5/14/2024 8:44:11 AM)	78.02	2.05	20.74	9.28	9.28	9.28	9.28	9.28	13.38	24.75	34.11	36.35	35.59	33.58	34.31	36.10	39.83	46.32	51.11	53.19	53.99	53.57	52.09	51.20	51.44	52.27	53.61	55.45	57.87	60.83	64.34	67.81	70.55	72.80	74.71	76.68	78.84	81.07	81.07	81.07	81.07	81.07
224 	[Retrieved Data]1834 (5/14/2024 8:44:11 AM)	75.98	2.20	21.27	6.43	6.43	6.43	6.43	6.43	10.50	21.84	31.32	33.63	32.77	30.58	31.26	33.00	36.67	43.09	47.81	49.81	50.59	50.13	48.65	47.81	48.09	48.89	50.23	52.00	54.43	57.36	60.81	64.26	67.02	69.26	71.17	73.11	75.26	77.49	77.49	77.49	77.49	77.49
225 	[Retrieved Data]1835 (5/14/2024 8:44:11 AM)	80.92	3.93	21.50	9.96	9.96	9.96	9.96	9.96	14.78	27.56	37.66	40.09	39.09	36.81	37.46	39.12	42.72	49.16	54.15	56.49	57.51	57.39	56.33	56.06	57.11	58.84	60.94	63.14	65.52	68.11	71.04	73.82	76.06	77.79	79.27	80.81	82.46	84.12	84.12	84.12	84.12	84.12
225 	[Retrieved Data]1835 (5/14/2024 8:44:11 AM)	79.01	4.14	21.96	7.12	7.12	7.12	7.12	7.12	11.94	24.70	34.88	37.39	36.31	33.87	34.49	36.03	39.57	45.95	50.88	53.12	54.10	53.97	52.94	52.68	53.75	55.48	57.55	59.68	62.02	64.64	67.51	70.32	72.51	74.26	75.74	77.28	78.89	80.55	80.55	80.55	80.55	80.55
226 	[Retrieved Data]1836 (5/14/2024 8:44:11 AM)	75.65	3.01	21.58	8.85	8.85	8.85	8.85	8.85	12.30	22.20	30.55	32.49	31.86	30.07	30.76	32.53	36.26	42.58	47.04	48.97	49.75	49.30	47.79	46.99	47.37	48.35	49.86	51.83	54.40	57.54	61.28	64.99	67.97	70.40	72.46	74.63	76.99	79.48	79.48	79.48	79.48	79.48
226 	[Retrieved Data]1836 (5/14/2024 8:44:11 AM)	73.53	3.22	22.25	6.05	6.05	6.05	6.05	6.05	9.48	19.37	27.79	29.77	29.06	27.09	27.73	29.47	33.12	39.34	43.76	45.63	46.38	45.91	44.42	43.65	44.06	45.01	46.53	48.43	50.99	54.12	57.80	61.51	64.45	66.89	68.97	71.09	73.45	75.94	75.94	75.94	75.94	75.94
227 	[Retrieved Data]1837 (5/14/2024 8:44:11 AM)	78.71	4.81	23.69	9.36	9.36	9.36	9.36	9.36	13.35	24.27	33.15	35.19	34.30	32.24	32.85	34.42	37.83	44.11	49.41	52.25	53.53	53.44	52.35	52.04	53.17	55.00	57.20	59.56	62.12	64.94	68.16	71.25	73.74	75.70	77.35	79.08	80.94	82.83	82.83	82.83	82.83	82.83
227 	[Retrieved Data]1837 (5/14/2024 8:44:11 AM)	76.71	5.05	24.34	6.53	6.53	6.53	6.53	6.53	10.50	21.43	30.38	32.49	31.53	29.29	29.85	31.34	34.70	40.88	46.12	48.91	50.14	50.04	48.93	48.69	49.83	51.63	53.82	56.08	58.64	61.46	64.60	67.70	70.17	72.16	73.81	75.53	77.36	79.28	79.28	79.28	79.28	79.28
228 	[Retrieved Data]1838 (5/14/2024 8:44:11 AM)	28.04	23.99	-44.87	11.84	11.84	11.84	11.84	11.84	14.76	22.56	32.05	32.51	28.02	21.50	16.26	11.80	9.20	7.31	6.04	5.41	5.15	4.89	4.59	4.37	4.29	4.27	4.34	4.46	4.69	5.07	5.75	6.88	8.22	9.72	11.51	13.81	17.07	21.60	21.60	21.60	21.60	21.60
228 	[Retrieved Data]1838 (5/14/2024 8:44:11 AM)	15.32	39.68	-60.08	8.63	8.63	8.63	8.63	8.63	11.47	19.19	28.62	29.04	24.56	17.99	12.78	8.26	5.72	3.85	2.56	1.93	1.69	1.43	1.14	0.93	0.84	0.80	0.84	0.88	1.04	1.42	2.06	3.16	4.46	5.96	7.74	10.02	13.23	17.75	17.75	17.75	17.75	17.75
