324 	[Retrieved Data]1934 (5/14/2024 8:44:11 AM)	53.96	64.83	49.28	4.61	4.61	4.61	4.61	4.61	4.45	4.36	4.30	4.25	4.29	4.37	4.50	4.73	5.12	5.69	6.08	6.21	6.28	6.24	6.11	6.46	8.85	16.10	30.31	48.90	66.62	79.01	86.06	89.46	90.88	91.48	91.78	92.01	92.27	92.33	92.33	92.33	92.33	92.33
324 	[Retrieved Data]1934 (5/14/2024 8:44:11 AM)	49.59	71.14	66.39	1.76	1.76	1.76	1.76	1.76	1.55	1.40	1.29	1.13	1.10	1.08	1.14	1.27	1.54	2.04	2.32	2.42	2.50	2.47	2.36	2.68	5.03	12.20	26.28	44.78	62.49	74.88	81.92	85.33	86.77	87.33	87.68	87.87	88.14	88.21	88.21	88.21	88.21	88.21
325 	[Retrieved Data]1935 (5/14/2024 8:44:11 AM)	47.93	8.38	15.71	7.16	7.16	7.16	7.16	7.16	7.25	8.41	9.69	9.78	9.82	9.90	10.35	11.38	13.62	16.45	17.12	16.82	16.70	15.96	14.72	14.05	14.09	14.44	15.22	16.67	19.06	22.39	26.72	31.53	35.62	39.32	42.86	46.53	50.71	55.56	55.56	55.56	55.56	55.56
325 	[Retrieved Data]1935 (5/14/2024 8:44:11 AM)	43.05	9.82	18.43	4.11	4.11	4.11	4.11	4.11	4.18	5.31	6.55	6.57	6.54	6.55	6.98	7.94	10.13	12.91	13.56	13.26	13.14	12.40	11.18	10.52	10.58	10.91	11.68	13.10	15.46	18.76	23.09	27.86	31.95	35.60	39.15	42.80	46.95	51.78	51.78	51.78	51.78	51.78
326 	[Retrieved Data]1936 (5/14/2024 8:44:11 AM)	44.79	9.69	15.07	6.85	6.85	6.85	6.85	6.85	6.81	7.52	8.31	8.31	8.33	8.47	8.85	9.72	11.65	14.08	14.61	14.29	14.15	13.48	12.33	11.73	11.86	12.33	13.14	14.52	16.73	19.85	23.96	28.56	32.55	36.15	39.68	43.37	47.61	52.60	52.60	52.60	52.60	52.60
326 	[Retrieved Data]1936 (5/14/2024 8:44:11 AM)	39.40	11.62	18.21	3.94	3.94	3.94	3.94	3.94	3.84	4.48	5.25	5.15	5.11	5.17	5.51	6.31	8.21	10.63	11.12	10.77	10.64	9.98	8.85	8.24	8.39	8.84	9.66	11.02	13.21	16.30	20.34	24.93	28.88	32.44	35.99	39.66	43.85	48.82	48.82	48.82	48.82	48.82
327 	[Retrieved Data]1937 (5/14/2024 8:44:11 AM)	45.92	8.15	16.07	6.78	6.78	6.78	6.78	6.78	6.76	7.57	8.49	8.50	8.54	8.68	9.13	10.10	12.24	15.01	15.71	15.44	15.31	14.57	13.34	12.63	12.61	12.94	13.67	15.01	17.24	20.38	24.54	29.22	33.23	36.87	40.40	44.09	48.34	53.29	53.29	53.29	53.29	53.29
327 	[Retrieved Data]1937 (5/14/2024 8:44:11 AM)	40.74	9.72	19.30	3.80	3.80	3.80	3.80	3.80	3.74	4.52	5.37	5.32	5.31	5.39	5.79	6.70	8.78	11.51	12.20	11.92	11.79	11.04	9.83	9.12	9.16	9.49	10.19	11.49	13.69	16.80	20.93	25.61	29.59	33.18	36.69	40.38	44.61	49.53	49.53	49.53	49.53	49.53
328 	[Retrieved Data]1938 (5/14/2024 8:44:11 AM)	48.41	9.36	18.36	6.83	6.83	6.83	6.83	6.83	6.87	7.89	9.00	9.05	9.12	9.25	9.76	10.84	13.16	16.16	16.99	16.80	16.73	16.05	14.89	14.35	14.55	15.08	16.01	17.57	20.07	23.51	27.93	32.78	36.89	40.58	44.11	47.77	51.92	56.69	56.69	56.69	56.69	56.69
328 	[Retrieved Data]1938 (5/14/2024 8:44:11 AM)	43.71	10.88	21.64	3.90	3.90	3.90	3.90	3.90	3.91	4.88	5.93	5.95	5.89	6.02	6.44	7.47	9.71	12.70	13.52	13.31	13.25	12.56	11.43	10.88	11.11	11.64	12.54	14.06	16.55	19.96	24.36	29.21	33.30	36.93	40.47	44.11	48.23	53.01	53.01	53.01	53.01	53.01
329 	[Retrieved Data]1939 (5/14/2024 8:44:11 AM)	43.94	7.57	15.48	6.56	6.56	6.56	6.56	6.56	6.48	7.04	7.68	7.66	7.71	7.89	8.30	9.19	11.17	13.81	14.51	14.24	14.08	13.36	12.13	11.36	11.30	11.56	12.17	13.34	15.37	18.29	22.23	26.75	30.68	34.25	37.76	41.47	45.76	50.85	50.85	50.85	50.85	50.85
329 	[Retrieved Data]1939 (5/14/2024 8:44:11 AM)	38.42	9.22	19.03	3.60	3.60	3.60	3.60	3.60	3.48	4.01	4.62	4.52	4.49	4.60	4.97	5.81	7.75	10.35	11.03	10.76	10.59	9.87	8.66	7.91	7.85	8.11	8.70	9.86	11.89	14.78	18.69	23.15	27.06	30.63	34.12	37.80	42.06	47.11	47.11	47.11	47.11	47.11
330 	[Retrieved Data]1940 (5/14/2024 8:44:11 AM)	46.33	9.18	17.43	6.60	6.60	6.60	6.60	6.60	6.60	7.41	8.29	8.30	8.35	8.46	8.91	9.86	12.01	14.84	15.66	15.45	15.35	14.65	13.44	12.80	12.93	13.39	14.27	15.73	18.07	21.31	25.54	30.26	34.33	37.95	41.48	45.16	49.36	54.27	54.27	54.27	54.27	54.27
330 	[Retrieved Data]1940 (5/14/2024 8:44:11 AM)	41.34	10.87	20.95	3.67	3.67	3.67	3.67	3.67	3.64	4.40	5.24	5.20	5.16	5.24	5.63	6.53	8.59	11.39	12.22	12.00	11.89	11.18	10.02	9.40	9.53	10.00	10.87	12.30	14.61	17.85	22.01	26.73	30.73	34.36	37.83	41.51	45.68	50.58	50.58	50.58	50.58	50.58
331 	[Retrieved Data]1941 (5/14/2024 8:44:11 AM)	48.53	10.39	19.24	6.68	6.68	6.68	6.68	6.68	6.77	7.80	8.88	8.93	8.94	9.05	9.48	10.49	12.76	15.79	16.75	16.60	16.59	15.94	14.82	14.33	14.65	15.33	16.42	18.09	20.70	24.17	28.63	33.48	37.61	41.28	44.79	48.40	52.52	57.26	57.26	57.26	57.26	57.26
331 	[Retrieved Data]1941 (5/14/2024 8:44:11 AM)	43.95	12.01	22.72	3.77	3.77	3.77	3.77	3.77	3.82	4.82	5.85	5.84	5.81	5.81	6.22	7.19	9.40	12.40	13.32	13.18	13.15	12.53	11.42	10.93	11.26	11.94	13.01	14.66	17.25	20.71	25.10	29.98	34.03	37.70	41.20	44.82	48.88	53.63	53.63	53.63	53.63	53.63
332 	[Retrieved Data]1942 (5/14/2024 8:44:11 AM)	44.08	7.72	13.41	6.97	6.97	6.97	6.97	6.97	6.93	7.63	8.44	8.44	8.49	8.63	9.00	9.84	11.74	14.17	14.69	14.34	14.15	13.41	12.18	11.44	11.37	11.61	12.21	13.37	15.39	18.32	22.23	26.72	30.61	34.19	37.70	41.40	45.69	50.77	50.77	50.77	50.77	50.77
332 	[Retrieved Data]1942 (5/14/2024 8:44:11 AM)	38.46	9.43	16.17	3.99	3.99	3.99	3.99	3.99	3.90	4.58	5.33	5.26	5.22	5.30	5.62	6.40	8.26	10.63	11.13	10.78	10.58	9.84	8.66	7.92	7.85	8.10	8.69	9.81	11.83	14.71	18.58	23.05	26.92	30.48	33.96	37.66	41.90	46.95	46.95	46.95	46.95	46.95
333 	[Retrieved Data]1943 (5/14/2024 8:44:11 AM)	44.44	8.63	14.34	7.01	7.01	7.01	7.01	7.01	6.95	7.59	8.35	8.32	8.37	8.52	8.91	9.76	11.69	14.11	14.65	14.33	14.17	13.45	12.28	11.61	11.63	11.99	12.69	13.95	16.06	19.05	23.04	27.57	31.49	35.08	38.58	42.29	46.54	51.57	51.57	51.57	51.57	51.57
333 	[Retrieved Data]1943 (5/14/2024 8:44:11 AM)	38.85	10.49	17.39	4.01	4.01	4.01	4.01	4.01	3.90	4.49	5.20	5.09	5.08	5.17	5.50	6.29	8.17	10.57	11.09	10.75	10.58	9.85	8.71	8.04	8.09	8.45	9.13	10.38	12.48	15.44	19.37	23.88	27.78	31.32	34.81	38.49	42.73	47.72	47.72	47.72	47.72	47.72
334 	[Retrieved Data]1944 (5/14/2024 8:44:11 AM)	46.68	9.72	16.14	7.14	7.14	7.14	7.14	7.14	7.11	7.94	8.89	8.90	8.96	9.12	9.55	10.50	12.58	15.20	15.81	15.51	15.40	14.72	13.61	13.05	13.23	13.74	14.63	16.10	18.48	21.74	26.01	30.72	34.74	38.41	41.91	45.59	49.79	54.67	54.67	54.67	54.67	54.67
334 	[Retrieved Data]1944 (5/14/2024 8:44:11 AM)	41.57	11.50	19.22	4.14	4.14	4.14	4.14	4.14	4.07	4.84	5.75	5.71	5.68	5.79	6.17	7.06	9.09	11.67	12.27	11.96	11.84	11.15	10.05	9.50	9.69	10.22	11.09	12.53	14.87	18.14	22.35	27.04	31.06	34.67	38.18	41.85	46.01	50.89	50.89	50.89	50.89	50.89
335 	[Retrieved Data]1945 (5/14/2024 8:44:11 AM)	47.99	8.46	17.34	7.09	7.09	7.09	7.09	7.09	7.10	8.03	9.08	9.13	9.22	9.38	9.89	10.93	13.22	16.16	16.98	16.77	16.68	15.96	14.75	14.13	14.21	14.59	15.41	16.86	19.27	22.63	26.96	31.74	35.81	39.49	43.02	46.69	50.87	55.71	55.71	55.71	55.71	55.71
335 	[Retrieved Data]1945 (5/14/2024 8:44:11 AM)	43.14	9.92	20.38	4.16	4.16	4.16	4.16	4.16	4.13	5.00	6.00	5.98	5.98	6.10	6.55	7.53	9.77	12.66	13.44	13.23	13.12	12.40	11.23	10.61	10.71	11.09	11.89	13.31	15.70	19.01	23.30	28.07	32.11	35.78	39.27	42.95	47.09	51.89	51.89	51.89	51.89	51.89
336 	[Retrieved Data]1946 (5/14/2024 8:44:11 AM)	44.70	9.49	16.09	6.79	6.79	6.79	6.79	6.79	6.69	7.25	7.92	7.89	7.93	8.11	8.52	9.38	11.34	13.87	14.51	14.24	14.12	13.45	12.33	11.72	11.84	12.31	13.13	14.48	16.67	19.77	23.83	28.42	32.38	35.96	39.47	43.16	47.40	52.41	52.41	52.41	52.41	52.41
336 	[Retrieved Data]1946 (5/14/2024 8:44:11 AM)	39.19	11.44	19.68	3.74	3.74	3.74	3.74	3.74	3.62	4.18	4.78	4.67	4.65	4.77	5.14	5.94	7.86	10.33	10.94	10.67	10.54	9.88	8.77	8.18	8.30	8.78	9.60	10.92	13.08	16.14	20.15	24.72	28.62	32.22	35.68	39.36	43.56	48.54	48.54	48.54	48.54	48.54
337 	[Retrieved Data]1947 (5/14/2024 8:44:11 AM)	45.96	7.88	17.23	6.78	6.78	6.78	6.78	6.78	6.72	7.35	8.09	8.07	8.14	8.35	8.81	9.79	11.95	14.81	15.67	15.48	15.37	14.65	13.42	12.72	12.72	13.03	13.73	15.04	17.25	20.39	24.52	29.16	33.17	36.79	40.31	44.02	48.27	53.23	53.23	53.23	53.23	53.23
337 	[Retrieved Data]1947 (5/14/2024 8:44:11 AM)	40.80	9.43	20.81	3.84	3.84	3.84	3.84	3.84	3.74	4.33	5.01	4.92	4.91	5.06	5.48	6.40	8.53	11.35	12.18	11.97	11.85	11.13	9.92	9.23	9.25	9.56	10.26	11.54	13.75	16.86	20.94	25.56	29.55	33.14	36.65	40.33	44.55	49.48	49.48	49.48	49.48	49.48
338 	[Retrieved Data]1948 (5/14/2024 8:44:11 AM)	48.18	9.36	18.92	6.84	6.84	6.84	6.84	6.84	6.83	7.72	8.70	8.74	8.79	8.96	9.44	10.48	12.78	15.82	16.77	16.63	16.59	15.91	14.74	14.18	14.37	14.90	15.87	17.44	19.92	23.34	27.70	32.54	36.60	40.26	43.77	47.43	51.56	56.35	56.35	56.35	56.35	56.35
338 	[Retrieved Data]1948 (5/14/2024 8:44:11 AM)	43.45	10.91	22.43	3.90	3.90	3.90	3.90	3.90	3.87	4.70	5.63	5.61	5.59	5.70	6.13	7.13	9.36	12.37	13.29	13.15	13.10	12.42	11.26	10.71	10.92	11.46	12.42	13.95	16.41	19.82	24.14	28.92	32.96	36.61	40.11	43.75	47.87	52.64	52.64	52.64	52.64	52.64
339 	[Retrieved Data]1949 (5/14/2024 8:44:11 AM)	37.30	6.36	10.02	6.09	6.09	6.09	6.09	6.09	5.94	6.14	6.42	6.32	6.32	6.45	6.71	7.26	8.61	10.46	10.89	10.54	10.28	9.60	8.50	7.73	7.56	7.67	8.06	8.83	10.20	12.30	15.35	19.07	22.45	25.69	28.96	32.52	36.78	42.04	42.04	42.04	42.04	42.04
339 	[Retrieved Data]1949 (5/14/2024 8:44:11 AM)	30.19	8.52	13.35	3.17	3.17	3.17	3.17	3.17	2.99	3.16	3.38	3.20	3.12	3.20	3.40	3.91	5.22	7.02	7.45	7.12	6.86	6.20	5.13	4.38	4.21	4.32	4.71	5.45	6.80	8.90	11.87	15.57	18.92	22.12	25.37	28.92	33.17	38.39	38.39	38.39	38.39	38.39
340 	[Retrieved Data]1950 (5/14/2024 8:44:11 AM)	46.03	7.97	14.63	7.15	7.15	7.15	7.15	7.15	7.16	8.04	9.03	9.07	9.12	9.25	9.66	10.59	12.63	15.24	15.88	15.58	15.43	14.68	13.45	12.73	12.72	13.01	13.69	14.98	17.16	20.28	24.38	29.02	33.02	36.65	40.17	43.88	48.11	53.07	53.07	53.07	53.07	53.07
340 	[Retrieved Data]1950 (5/14/2024 8:44:11 AM)	40.77	9.58	17.36	4.18	4.18	4.18	4.18	4.18	4.15	4.97	5.90	5.87	5.84	5.91	6.28	7.12	9.14	11.71	12.31	11.99	11.82	11.10	9.89	9.18	9.17	9.46	10.14	11.40	13.59	16.68	20.74	25.34	29.29	32.92	36.42	40.12	44.32	49.26	49.26	49.26	49.26	49.26
341 	[Retrieved Data]1951 (5/14/2024 8:44:11 AM)	46.34	8.90	15.42	7.23	7.23	7.23	7.23	7.23	7.20	8.01	8.94	8.96	9.01	9.17	9.59	10.52	12.57	15.18	15.80	15.52	15.38	14.68	13.51	12.88	12.97	13.39	14.17	15.55	17.83	21.01	25.17	29.82	33.84	37.48	40.99	44.68	48.89	53.81	53.81	53.81	53.81	53.81
341 	[Retrieved Data]1951 (5/14/2024 8:44:11 AM)	41.11	10.57	18.37	4.20	4.20	4.20	4.20	4.20	4.14	4.92	5.79	5.73	5.70	5.81	6.18	7.05	9.05	11.63	12.22	11.95	11.78	11.08	9.93	9.30	9.42	9.81	10.59	11.93	14.19	17.35	21.47	26.15	30.10	33.72	37.23	40.90	45.07	49.98	49.98	49.98	49.98	49.98
342 	[Retrieved Data]1952 (5/14/2024 8:44:11 AM)	48.71	10.18	17.54	7.23	7.23	7.23	7.23	7.23	7.26	8.30	9.48	9.55	9.61	9.76	10.22	11.25	13.49	16.31	17.03	16.78	16.73	16.08	14.97	14.50	14.80	15.42	16.45	18.08	20.63	24.11	28.54	33.40	37.50	41.18	44.68	48.33	52.46	57.20	57.20	57.20	57.20	57.20
342 	[Retrieved Data]1952 (5/14/2024 8:44:11 AM)	43.97	11.86	20.54	4.23	4.23	4.23	4.23	4.23	4.23	5.25	6.37	6.37	6.36	6.45	6.87	7.84	10.02	12.80	13.50	13.23	13.17	12.52	11.42	10.97	11.28	11.91	12.93	14.53	17.08	20.52	24.90	29.74	33.81	37.46	40.97	44.62	48.70	53.42	53.42	53.42	53.42	53.42
343 	[Retrieved Data]1953 (5/14/2024 8:44:11 AM)	44.35	8.53	15.15	6.87	6.87	6.87	6.87	6.87	6.78	7.35	8.03	7.99	8.03	8.22	8.62	9.49	11.44	13.93	14.56	14.27	14.12	13.42	12.24	11.57	11.59	11.94	12.65	13.91	16.00	19.00	22.99	27.51	31.40	35.01	38.49	42.21	46.45	51.49	51.49	51.49	51.49	51.49
343 	[Retrieved Data]1953 (5/14/2024 8:44:11 AM)	38.79	10.35	18.48	3.88	3.88	3.88	3.88	3.88	3.76	4.30	4.90	4.78	4.77	4.89	5.24	6.06	7.95	10.41	11.02	10.72	10.56	9.86	8.70	8.03	8.07	8.42	9.12	10.36	12.44	15.42	19.33	23.84	27.73	31.27	34.76	38.45	42.67	47.68	47.68	47.68	47.68	47.68
344 	[Retrieved Data]1954 (5/14/2024 8:44:11 AM)	46.70	9.82	17.51	6.93	6.93	6.93	6.93	6.93	6.88	7.60	8.42	8.44	8.49	8.68	9.13	10.07	12.19	14.94	15.68	15.46	15.39	14.73	13.60	13.06	13.29	13.83	14.75	16.25	18.62	21.91	26.17	30.91	34.93	38.59	42.09	45.78	49.96	54.84	54.84	54.84	54.84	54.84
344 	[Retrieved Data]1954 (5/14/2024 8:44:11 AM)	41.61	11.64	20.99	3.96	3.96	3.96	3.96	3.96	3.87	4.54	5.31	5.25	5.22	5.37	5.78	6.68	8.75	11.41	12.14	11.91	11.81	11.18	10.07	9.53	9.76	10.31	11.22	12.69	15.08	18.32	22.53	27.26	31.26	34.90	38.39	42.05	46.20	51.08	51.08	51.08	51.08	51.08
345 	[Retrieved Data]1955 (5/14/2024 8:44:11 AM)	47.84	8.22	18.61	6.88	6.88	6.88	6.88	6.88	6.84	7.64	8.55	8.58	8.66	8.87	9.38	10.46	12.79	15.86	16.83	16.69	16.62	15.90	14.70	14.06	14.12	14.51	15.30	16.74	19.14	22.45	26.78	31.57	35.63	39.32	42.83	46.53	50.71	55.55	55.55	55.55	55.55	55.55
345 	[Retrieved Data]1955 (5/14/2024 8:44:11 AM)	43.02	9.66	22.12	3.90	3.90	3.90	3.90	3.90	3.85	4.62	5.47	5.45	5.43	5.60	6.07	7.07	9.35	12.39	13.31	13.17	13.09	12.39	11.22	10.59	10.65	11.03	11.83	13.23	15.62	18.92	23.19	27.97	32.00	35.65	39.18	42.85	46.98	51.82	51.82	51.82	51.82	51.82
346 	[Retrieved Data]1956 (5/14/2024 8:44:11 AM)	44.71	9.67	16.82	6.59	6.59	6.59	6.59	6.59	6.51	7.07	7.70	7.68	7.72	7.90	8.29	9.14	11.12	13.72	14.45	14.22	14.12	13.44	12.31	11.67	11.81	12.34	13.20	14.59	16.82	19.92	24.00	28.60	32.54	36.14	39.63	43.32	47.55	52.55	52.55	52.55	52.55	52.55
346 	[Retrieved Data]1956 (5/14/2024 8:44:11 AM)	39.36	11.65	20.60	3.67	3.67	3.67	3.67	3.67	3.54	4.05	4.64	4.54	4.52	4.63	4.98	5.78	7.68	10.27	10.97	10.73	10.62	9.95	8.83	8.22	8.39	8.89	9.75	11.14	13.33	16.42	20.45	25.01	28.92	32.52	35.99	39.66	43.87	48.84	48.84	48.84	48.84	48.84
347 	[Retrieved Data]1957 (5/14/2024 8:44:11 AM)	23.84	2.80	0.85	4.32	4.32	4.32	4.32	4.32	4.18	4.06	3.99	3.93	3.92	3.86	3.86	3.84	3.82	3.80	3.80	3.80	3.80	3.85	3.91	3.98	4.05	4.11	4.18	4.27	4.33	4.41	4.50	4.61	4.72	4.94	5.50	6.84	9.74	15.74	15.74	15.74	15.74	15.74
347 	[Retrieved Data]1957 (5/14/2024 8:44:11 AM)	4.61	2.60	-3.49	1.29	1.29	1.29	1.29	1.29	1.13	1.01	0.92	0.81	0.74	0.69	0.65	0.61	0.58	0.57	0.55	0.53	0.49	0.48	0.47	0.45	0.44	0.46	0.46	0.46	0.47	0.50	0.52	0.61	0.63	0.85	1.34	2.61	5.44	11.33	11.33	11.33	11.33	11.33
348 	[Retrieved Data]1958 (5/14/2024 8:44:11 AM)	42.70	-50.15	23.60	4.84	4.84	4.84	4.84	4.84	4.72	4.63	4.57	4.53	4.58	4.67	4.84	5.25	6.66	12.89	25.35	33.16	30.82	22.75	14.33	8.24	5.24	4.28	4.10	4.15	4.32	4.63	5.16	6.10	7.21	8.54	10.17	12.25	15.20	19.44	19.44	19.44	19.44	19.44
348 	[Retrieved Data]1958 (5/14/2024 8:44:11 AM)	36.89	-68.03	32.35	1.88	1.88	1.88	1.88	1.88	1.72	1.60	1.47	1.36	1.32	1.35	1.46	1.81	3.17	9.31	21.69	29.46	27.11	19.11	10.81	4.86	1.98	1.06	0.83	0.77	0.87	1.12	1.59	2.51	3.57	4.90	6.50	8.55	11.49	15.68	15.68	15.68	15.68	15.68
349 	[Retrieved Data]1959 (5/14/2024 8:44:11 AM)	48.33	9.26	16.39	7.25	7.25	7.25	7.25	7.25	7.32	8.45	9.68	9.77	9.81	9.92	10.37	11.38	13.59	16.39	17.09	16.82	16.74	16.03	14.85	14.29	14.45	14.94	15.83	17.35	19.82	23.22	27.59	32.40	36.50	40.18	43.72	47.38	51.51	56.32	56.32	56.32	56.32	56.32
349 	[Retrieved Data]1959 (5/14/2024 8:44:11 AM)	43.52	10.84	19.18	4.25	4.25	4.25	4.25	4.25	4.28	5.38	6.56	6.58	6.55	6.59	7.00	7.95	10.11	12.88	13.56	13.28	13.18	12.46	11.30	10.74	10.93	11.41	12.31	13.81	16.26	19.63	23.94	28.79	32.81	36.47	39.98	43.64	47.75	52.55	52.55	52.55	52.55	52.55
350 	[Retrieved Data]1960 (5/14/2024 8:44:11 AM)	44.17	7.73	14.68	6.80	6.80	6.80	6.80	6.80	6.73	7.37	8.09	8.06	8.10	8.25	8.65	9.52	11.46	14.02	14.67	14.37	14.20	13.48	12.26	11.50	11.44	11.71	12.34	13.51	15.56	18.50	22.44	26.93	30.86	34.44	37.93	41.64	45.92	50.98	50.98	50.98	50.98	50.98
350 	[Retrieved Data]1960 (5/14/2024 8:44:11 AM)	38.58	9.43	17.90	3.81	3.81	3.81	3.81	3.81	3.71	4.29	4.95	4.86	4.83	4.94	5.27	6.08	7.98	10.50	11.12	10.83	10.64	9.91	8.72	7.98	7.94	8.22	8.81	9.98	12.00	14.93	18.80	23.26	27.16	30.73	34.20	37.90	42.15	47.20	47.20	47.20	47.20	47.20
351 	[Retrieved Data]1961 (5/14/2024 8:44:11 AM)	46.39	8.99	16.50	6.92	6.92	6.92	6.92	6.92	6.90	7.70	8.61	8.62	8.68	8.82	9.26	10.21	12.32	15.05	15.77	15.52	15.41	14.71	13.53	12.90	13.00	13.44	14.26	15.67	17.98	21.21	25.39	30.11	34.13	37.78	41.28	45.00	49.19	54.11	54.11	54.11	54.11	54.11
351 	[Retrieved Data]1961 (5/14/2024 8:44:11 AM)	41.26	10.69	19.71	3.96	3.96	3.96	3.96	3.96	3.91	4.66	5.51	5.46	5.41	5.52	5.91	6.80	8.86	11.54	12.23	11.96	11.86	11.17	10.01	9.39	9.49	9.94	10.74	12.13	14.42	17.62	21.77	26.45	30.43	34.08	37.59	41.28	45.42	50.34	50.34	50.34	50.34	50.34
352 	[Retrieved Data]1962 (5/14/2024 8:44:11 AM)	48.62	10.13	18.48	7.00	7.00	7.00	7.00	7.00	7.03	8.02	9.11	9.16	9.22	9.37	9.84	10.87	13.15	16.08	16.91	16.73	16.67	16.04	14.92	14.44	14.73	15.37	16.42	18.03	20.60	24.07	28.50	33.38	37.47	41.14	44.64	48.29	52.40	57.16	57.16	57.16	57.16	57.16
352 	[Retrieved Data]1962 (5/14/2024 8:44:11 AM)	43.92	11.77	21.73	4.04	4.04	4.04	4.04	4.04	4.04	4.98	6.02	6.02	6.02	6.09	6.52	7.49	9.72	12.62	13.41	13.19	13.16	12.51	11.42	10.95	11.25	11.89	12.92	14.54	17.06	20.51	24.90	29.74	33.80	37.46	40.97	44.60	48.68	53.43	53.43	53.43	53.43	53.43
353 	[Retrieved Data]1963 (5/14/2024 8:44:11 AM)	44.37	8.53	16.06	6.67	6.67	6.67	6.67	6.67	6.58	7.13	7.75	7.71	7.75	7.94	8.35	9.22	11.20	13.82	14.52	14.27	14.15	13.44	12.27	11.57	11.61	11.96	12.69	13.97	16.09	19.09	23.10	27.64	31.58	35.18	38.66	42.36	46.64	51.67	51.67	51.67	51.67	51.67
353 	[Retrieved Data]1963 (5/14/2024 8:44:11 AM)	38.89	10.35	19.65	3.73	3.73	3.73	3.73	3.73	3.59	4.10	4.67	4.57	4.52	4.66	5.01	5.81	7.76	10.33	11.01	10.75	10.62	9.92	8.77	8.08	8.14	8.49	9.21	10.44	12.56	15.55	19.49	24.02	27.94	31.50	34.98	38.64	42.89	47.92	47.92	47.92	47.92	47.92
354 	[Retrieved Data]1964 (5/14/2024 8:44:11 AM)	46.92	10.07	18.11	6.72	6.72	6.72	6.72	6.72	6.71	7.52	8.39	8.42	8.44	8.58	9.00	9.94	12.08	14.93	15.77	15.59	15.52	14.87	13.71	13.15	13.38	13.99	14.98	16.55	18.98	22.31	26.60	31.35	35.41	39.05	42.55	46.24	50.41	55.26	55.26	55.26	55.26	55.26
354 	[Retrieved Data]1964 (5/14/2024 8:44:11 AM)	42.02	11.82	21.70	3.79	3.79	3.79	3.79	3.79	3.74	4.51	5.35	5.30	5.26	5.34	5.71	6.59	8.69	11.50	12.32	12.13	12.07	11.40	10.27	9.73	9.97	10.57	11.57	13.08	15.52	18.81	23.06	27.81	31.80	35.44	38.93	42.59	46.73	51.58	51.58	51.58	51.58	51.58
355 	[Retrieved Data]1965 (5/14/2024 8:44:11 AM)	27.88	25.42	-47.18	12.21	12.21	12.21	12.21	12.21	15.44	23.93	33.91	34.39	29.52	22.61	16.92	12.22	9.42	7.37	6.03	5.37	5.10	4.80	4.50	4.26	4.16	4.13	4.19	4.31	4.53	4.92	5.65	6.83	8.22	9.80	11.62	13.89	17.03	21.43	21.43	21.43	21.43	21.43
355 	[Retrieved Data]1965 (5/14/2024 8:44:11 AM)	15.79	40.85	-61.78	9.06	9.06	9.06	9.06	9.06	12.22	20.64	30.59	31.06	26.16	19.23	13.55	8.83	6.06	4.02	2.69	2.03	1.74	1.49	1.19	0.97	0.88	0.84	0.86	0.89	1.07	1.41	2.10	3.27	4.66	6.21	8.05	10.32	13.43	17.75	17.75	17.75	17.75	17.75
