	Data Name	L*(D50)	a*(D50)	b*(D50)	360nm	370nm	380nm	390nm	400nm	410nm	420nm	430nm	440nm	450nm	460nm	470nm	480nm	490nm	500nm	510nm	520nm	530nm	540nm	550nm	560nm	570nm	580nm	590nm	600nm	610nm	620nm	630nm	640nm	650nm	660nm	670nm	680nm	690nm	700nm	710nm	720nm	730nm	740nm
     1 	[Retrieved Data]1001 (5/16/2024 10:59:31 PM)	94.57	1.83	6.48	14.70	14.70	14.70	14.70	14.70	27.04	56.19	78.84	85.42	82.68	77.60	77.31	77.01	77.09	80.24	83.65	85.31	85.62	85.72	85.69	85.95	86.78	87.90	89.08	90.07	90.69	91.14	91.57	91.81	92.11	92.28	92.43	92.60	92.78	92.77	92.77	92.77	92.77	92.77
     1 	[Retrieved Data]1001 (5/16/2024 10:59:31 PM)	93.10	1.92	5.99	11.87	11.87	11.87	11.87	11.87	24.20	53.44	76.51	83.39	80.39	74.88	74.58	74.01	74.03	77.12	80.46	82.00	82.22	82.28	82.25	82.53	83.38	84.49	85.58	86.46	87.10	87.53	87.92	88.14	88.44	88.67	88.83	89.03	89.16	89.16	89.16	89.16	89.16	89.16
     2 	[Retrieved Data]1002 (5/16/2024 10:59:31 PM)	93.58	2.14	8.23	14.34	14.34	14.34	14.34	14.34	25.98	53.36	74.41	80.43	77.79	73.03	72.88	72.76	73.42	77.12	80.88	82.71	83.15	83.28	83.20	83.43	84.40	85.70	87.11	88.30	89.15	89.77	90.41	90.82	91.24	91.52	91.77	92.01	92.30	92.38	92.38	92.38	92.38	92.38
     2 	[Retrieved Data]1002 (5/16/2024 10:59:31 PM)	92.06	2.25	7.81	11.52	11.52	11.52	11.52	11.52	23.13	50.56	72.02	78.29	75.37	70.25	70.03	69.78	70.31	73.94	77.65	79.37	79.74	79.79	79.69	79.97	80.96	82.23	83.58	84.69	85.53	86.16	86.71	87.15	87.57	87.87	88.13	88.41	88.66	88.72	88.72	88.72	88.72	88.72
     3 	[Retrieved Data]1003 (5/16/2024 10:59:31 PM)	93.90	1.40	13.41	13.54	13.54	13.54	13.54	13.54	24.26	49.31	68.25	73.55	71.10	66.98	67.21	67.87	69.60	74.80	80.12	83.06	83.96	84.31	84.41	84.84	85.93	87.32	88.75	89.90	90.61	91.07	91.51	91.79	92.07	92.26	92.43	92.60	92.78	92.76	92.76	92.76	92.76	92.76
     3 	[Retrieved Data]1003 (5/16/2024 10:59:31 PM)	92.38	1.49	13.17	10.73	10.73	10.73	10.73	10.73	21.42	46.51	65.77	71.32	68.63	64.16	64.32	64.81	66.46	71.59	76.87	79.69	80.52	80.80	80.90	81.35	82.48	83.85	85.21	86.25	86.99	87.43	87.85	88.08	88.44	88.60	88.78	88.97	89.10	89.11	89.11	89.11	89.11	89.11
     4 	[Retrieved Data]1004 (5/16/2024 10:59:31 PM)	88.16	1.27	17.50	12.52	12.52	12.52	12.52	12.52	20.39	38.92	52.68	56.23	54.43	51.58	52.08	53.41	56.68	63.14	68.62	71.41	72.35	72.28	71.66	71.54	72.19	73.23	74.57	76.06	77.70	79.41	81.31	82.98	84.34	85.36	86.24	87.12	88.05	88.85	88.85	88.85	88.85	88.85
     4 	[Retrieved Data]1004 (5/16/2024 10:59:31 PM)	86.32	1.34	17.50	9.53	9.53	9.53	9.53	9.53	17.36	35.90	49.85	53.54	51.55	48.42	48.86	50.07	53.25	59.61	65.05	67.72	68.60	68.49	67.86	67.75	68.42	69.42	70.69	72.13	73.76	75.45	77.29	78.96	80.32	81.37	82.23	83.11	84.02	84.84	84.84	84.84	84.84	84.84
     5 	[Retrieved Data]1005 (5/16/2024 10:59:31 PM)	78.57	4.88	21.38	11.39	11.39	11.39	11.39	11.39	15.76	26.68	34.89	36.67	35.52	33.85	34.34	35.92	39.75	45.95	50.11	52.11	52.97	52.63	51.79	51.96	53.08	54.54	56.39	58.60	61.32	64.39	67.80	71.03	73.59	75.60	77.36	79.07	80.95	82.82	82.82	82.82	82.82	82.82
     5 	[Retrieved Data]1005 (5/16/2024 10:59:31 PM)	76.16	5.10	21.84	8.28	8.28	8.28	8.28	8.28	12.60	23.49	31.78	33.57	32.29	30.44	30.85	32.30	36.06	42.20	46.32	48.20	49.01	48.60	47.76	47.91	49.02	50.48	52.27	54.41	57.07	60.14	63.50	66.71	69.22	71.28	73.01	74.74	76.56	78.45	78.45	78.45	78.45	78.45
     6 	[Retrieved Data]1006 (5/16/2024 10:59:31 PM)	55.55	10.71	20.84	9.93	9.93	9.93	9.93	9.93	10.21	11.77	13.22	13.20	12.86	12.50	12.67	13.54	15.82	19.22	21.08	21.91	22.25	21.62	20.83	20.92	21.52	22.24	23.43	25.38	28.38	32.23	36.86	41.80	45.88	49.40	52.67	55.92	59.61	63.77	63.77	63.77	63.77	63.77
     6 	[Retrieved Data]1006 (5/16/2024 10:59:31 PM)	51.93	11.69	22.71	7.29	7.29	7.29	7.29	7.29	7.52	9.02	10.46	10.39	9.97	9.53	9.62	10.42	12.65	16.01	17.82	18.61	18.94	18.29	17.48	17.54	18.11	18.82	19.96	21.88	24.84	28.64	33.26	38.14	42.20	45.72	48.95	52.21	55.84	59.97	59.97	59.97	59.97	59.97
     7 	[Retrieved Data]1007 (5/16/2024 10:59:31 PM)	42.65	12.18	15.79	6.88	6.88	6.88	6.88	6.88	6.91	7.39	7.76	7.53	7.29	7.21	7.28	7.78	9.14	11.05	11.91	12.17	12.20	11.63	10.93	10.77	11.01	11.45	12.23	13.57	15.75	18.73	22.56	26.90	30.72	34.21	37.56	41.01	45.01	49.80	49.80	49.80	49.80	49.80
     7 	[Retrieved Data]1007 (5/16/2024 10:59:31 PM)	37.74	14.19	18.94	4.32	4.32	4.32	4.32	4.32	4.33	4.77	5.13	4.84	4.55	4.41	4.47	4.92	6.24	8.14	9.00	9.23	9.25	8.67	7.98	7.80	8.03	8.43	9.21	10.52	12.67	15.64	19.44	23.74	27.53	31.04	34.37	37.83	41.79	46.57	46.57	46.57	46.57	46.57
     8 	[Retrieved Data]1008 (5/16/2024 10:59:31 PM)	34.74	9.40	10.26	5.39	5.39	5.39	5.39	5.39	5.39	5.60	5.75	5.57	5.41	5.40	5.44	5.78	6.70	7.97	8.45	8.49	8.37	7.84	7.15	6.77	6.74	6.91	7.31	8.07	9.42	11.42	14.16	17.54	20.69	23.69	26.67	29.86	33.73	38.57	38.57	38.57	38.57	38.57
     8 	[Retrieved Data]1008 (5/16/2024 10:59:31 PM)	28.02	12.01	13.53	2.85	2.85	2.85	2.85	2.85	2.83	3.02	3.15	2.91	2.71	2.66	2.66	2.95	3.86	5.11	5.60	5.61	5.51	4.98	4.29	3.89	3.82	3.99	4.39	5.11	6.45	8.38	11.13	14.47	17.60	20.58	23.54	26.73	30.56	35.38	35.38	35.38	35.38	35.38
     9 	[Retrieved Data]1009 (5/16/2024 10:59:31 PM)	28.24	1.84	5.25	4.45	4.45	4.45	4.45	4.45	4.39	4.43	4.41	4.31	4.22	4.26	4.32	4.54	5.10	5.92	6.31	6.34	6.21	5.78	5.22	4.83	4.62	4.50	4.51	4.70	5.16	5.90	7.14	8.83	10.68	12.76	15.36	18.51	22.47	27.60	27.60	27.60	27.60	27.60
     9 	[Retrieved Data]1009 (5/16/2024 10:59:31 PM)	18.68	2.82	7.56	1.94	1.94	1.94	1.94	1.94	1.86	1.86	1.84	1.68	1.55	1.55	1.56	1.73	2.27	3.08	3.48	3.49	3.36	2.93	2.37	1.97	1.73	1.62	1.62	1.79	2.22	2.97	4.18	5.82	7.64	9.72	12.29	15.42	19.34	24.44	24.44	24.44	24.44	24.44
    10 	[Retrieved Data]1010 (5/16/2024 10:59:31 PM)	25.04	0.32	3.48	4.00	4.00	4.00	4.00	4.00	3.88	3.83	3.76	3.69	3.65	3.69	3.72	3.85	4.13	4.57	4.82	4.88	4.83	4.62	4.33	4.12	4.00	3.92	3.89	3.93	4.10	4.41	4.85	5.52	6.38	7.72	10.08	13.60	18.51	25.13	25.13	25.13	25.13	25.13
    10 	[Retrieved Data]1010 (5/16/2024 10:59:31 PM)	13.16	0.48	5.59	1.49	1.49	1.49	1.49	1.49	1.35	1.27	1.19	1.06	0.97	0.98	0.98	1.07	1.34	1.75	2.02	2.06	2.01	1.80	1.51	1.30	1.16	1.07	1.02	1.07	1.23	1.51	1.95	2.57	3.43	4.73	7.04	10.55	15.39	21.99	21.99	21.99	21.99	21.99
    11 	[Retrieved Data]1011 (5/16/2024 10:59:31 PM)	94.53	1.94	6.19	14.57	14.57	14.57	14.57	14.57	27.01	56.42	79.21	85.85	83.08	77.92	77.64	77.11	76.96	79.87	83.33	85.13	85.54	85.68	85.65	85.86	86.67	87.79	88.96	89.94	90.61	91.03	91.49	91.73	92.03	92.21	92.36	92.51	92.71	92.70	92.70	92.70	92.70	92.70
    11 	[Retrieved Data]1011 (5/16/2024 10:59:31 PM)	93.13	2.03	5.73	11.83	11.83	11.83	11.83	11.83	24.25	53.71	76.99	83.98	80.91	75.34	75.01	74.32	74.07	76.87	80.29	81.97	82.33	82.44	82.37	82.61	83.46	84.54	85.63	86.55	87.19	87.60	88.01	88.24	88.52	88.70	88.90	89.05	89.23	89.21	89.21	89.21	89.21	89.21
    12 	[Retrieved Data]1012 (5/16/2024 10:59:31 PM)	93.58	2.23	8.05	14.27	14.27	14.27	14.27	14.27	25.92	53.50	74.76	80.81	78.11	73.30	73.18	72.90	73.26	76.75	80.62	82.67	83.19	83.31	83.24	83.51	84.47	85.78	87.16	88.35	89.16	89.78	90.38	90.78	91.20	91.54	91.78	92.02	92.28	92.37	92.37	92.37	92.37	92.37
    12 	[Retrieved Data]1012 (5/16/2024 10:59:31 PM)	92.12	2.33	7.67	11.47	11.47	11.47	11.47	11.47	23.07	50.69	72.41	78.76	75.77	70.59	70.38	69.97	70.23	73.64	77.48	79.42	79.89	79.95	79.87	80.17	81.15	82.44	83.74	84.84	85.64	86.25	86.82	87.23	87.67	88.01	88.26	88.52	88.74	88.83	88.83	88.83	88.83	88.83
    13 	[Retrieved Data]1013 (5/16/2024 10:59:31 PM)	93.89	1.51	13.28	13.45	13.45	13.45	13.45	13.45	24.20	49.42	68.52	73.85	71.37	67.17	67.44	67.91	69.32	74.27	79.77	82.97	84.01	84.34	84.48	84.90	86.00	87.38	88.79	89.92	90.62	91.10	91.52	91.76	92.06	92.28	92.42	92.58	92.77	92.77	92.77	92.77	92.77	92.77
    13 	[Retrieved Data]1013 (5/16/2024 10:59:31 PM)	92.42	1.59	13.05	10.71	10.71	10.71	10.71	10.71	21.39	46.63	66.10	71.69	68.97	64.41	64.59	64.92	66.24	71.10	76.55	79.67	80.67	80.96	81.08	81.53	82.64	84.00	85.35	86.39	87.10	87.54	87.91	88.16	88.47	88.70	88.84	89.05	89.21	89.20	89.20	89.20	89.20	89.20
    14 	[Retrieved Data]1014 (5/16/2024 10:59:31 PM)	88.22	1.24	17.82	12.07	12.07	12.07	12.07	12.07	19.93	38.65	52.54	56.12	54.32	51.37	51.91	53.15	56.13	62.45	68.31	71.50	72.63	72.60	71.96	71.76	72.41	73.43	74.79	76.27	77.85	79.51	81.37	83.05	84.36	85.40	86.25	87.14	88.08	88.88	88.88	88.88	88.88	88.88
    14 	[Retrieved Data]1014 (5/16/2024 10:59:31 PM)	86.51	1.30	17.86	9.25	9.25	9.25	9.25	9.25	17.05	35.74	49.87	53.59	51.61	48.38	48.85	50.02	52.92	59.13	64.94	68.08	69.16	69.07	68.40	68.25	68.90	69.91	71.17	72.60	74.15	75.81	77.65	79.32	80.63	81.69	82.58	83.46	84.38	85.19	85.19	85.19	85.19	85.19
    15 	[Retrieved Data]1015 (5/16/2024 10:59:31 PM)	78.92	4.64	20.73	10.04	10.04	10.04	10.04	10.04	14.81	26.82	35.88	37.92	36.79	34.85	35.34	36.81	40.30	46.40	50.85	52.98	53.92	53.62	52.56	52.39	53.40	54.95	56.90	59.14	61.77	64.74	68.10	71.28	73.82	75.83	77.60	79.30	81.19	83.06	83.06	83.06	83.06	83.06
    15 	[Retrieved Data]1015 (5/16/2024 10:59:31 PM)	76.82	4.86	21.20	7.14	7.14	7.14	7.14	7.14	11.87	23.85	33.02	35.12	33.87	31.76	32.20	33.58	37.00	43.03	47.43	49.47	50.38	50.08	49.01	48.83	49.84	51.38	53.31	55.48	58.07	61.04	64.35	67.53	70.07	72.09	73.83	75.54	77.44	79.29	79.29	79.29	79.29	79.29
    16 	[Retrieved Data]1016 (5/16/2024 10:59:31 PM)	58.52	8.98	21.40	8.06	8.06	8.06	8.06	8.06	8.76	11.71	14.53	14.94	14.75	14.31	14.70	15.93	18.77	22.94	24.81	25.30	25.62	24.96	23.83	23.61	24.20	25.02	26.30	28.32	31.36	35.30	40.06	45.04	49.16	52.68	55.90	59.12	62.73	66.72	66.72	66.72	66.72	66.72
    16 	[Retrieved Data]1016 (5/16/2024 10:59:31 PM)	54.80	9.91	23.52	5.02	5.02	5.02	5.02	5.02	5.68	8.55	11.35	11.71	11.43	10.89	11.22	12.37	15.17	19.27	21.12	21.56	21.86	21.22	20.08	19.85	20.41	21.26	22.51	24.48	27.50	31.41	36.15	41.09	45.16	48.71	51.90	55.14	58.71	62.70	62.70	62.70	62.70	62.70
    17 	[Retrieved Data]1017 (5/16/2024 10:59:31 PM)	46.55	10.88	16.31	8.18	8.18	8.18	8.18	8.18	8.09	8.68	9.28	9.14	8.95	8.95	9.14	9.86	11.61	14.00	14.89	15.02	15.06	14.43	13.51	13.21	13.45	13.98	14.86	16.34	18.72	21.95	26.10	30.68	34.68	38.27	41.73	45.23	49.28	54.03	54.03	54.03	54.03	54.03
    17 	[Retrieved Data]1017 (5/16/2024 10:59:31 PM)	41.16	12.76	18.89	5.32	5.32	5.32	5.32	5.32	5.18	5.68	6.23	6.00	5.75	5.65	5.77	6.40	8.10	10.46	11.32	11.38	11.41	10.76	9.83	9.49	9.73	10.24	11.08	12.52	14.87	18.06	22.17	26.74	30.68	34.27	37.68	41.21	45.22	49.93	49.93	49.93	49.93	49.93
    18 	[Retrieved Data]1018 (5/16/2024 10:59:31 PM)	38.75	7.55	10.00	7.39	7.39	7.39	7.39	7.39	7.19	7.25	7.34	7.13	7.02	7.07	7.22	7.70	8.92	10.56	11.07	10.97	10.80	10.16	9.23	8.68	8.59	8.73	9.14	9.96	11.44	13.61	16.63	20.27	23.63	26.80	29.97	33.34	37.41	42.42	42.42	42.42	42.42	42.42
    18 	[Retrieved Data]1018 (5/16/2024 10:59:31 PM)	31.65	9.67	11.79	4.62	4.62	4.62	4.62	4.62	4.35	4.39	4.43	4.11	3.89	3.87	3.96	4.35	5.52	7.11	7.60	7.46	7.27	6.59	5.68	5.11	5.00	5.11	5.50	6.29	7.72	9.85	12.83	16.43	19.77	22.90	26.03	29.41	33.44	38.39	38.39	38.39	38.39	38.39
    19 	[Retrieved Data]1019 (5/16/2024 10:59:31 PM)	32.45	0.10	4.48	6.57	6.57	6.57	6.57	6.57	6.33	6.21	6.08	5.89	5.79	5.87	5.97	6.30	7.08	8.18	8.61	8.54	8.31	7.74	6.99	6.41	6.08	5.88	5.88	6.09	6.60	7.46	8.77	10.59	12.56	14.86	17.72	21.22	25.55	30.99	30.99	30.99	30.99	30.99
    19 	[Retrieved Data]1019 (5/16/2024 10:59:31 PM)	22.88	-0.01	4.57	3.85	3.85	3.85	3.85	3.85	3.56	3.35	3.17	2.90	2.72	2.70	2.74	2.99	3.71	4.76	5.17	5.07	4.83	4.25	3.50	2.91	2.56	2.37	2.33	2.49	2.95	3.78	5.07	6.84	8.78	11.05	13.88	17.35	21.64	27.03	27.03	27.03	27.03	27.03
    20 	[Retrieved Data]1020 (5/16/2024 10:59:31 PM)	28.79	-0.36	2.79	5.70	5.70	5.70	5.70	5.70	5.45	5.28	5.13	4.99	4.94	4.99	5.04	5.21	5.58	6.15	6.43	6.44	6.34	6.05	5.67	5.35	5.17	5.06	5.03	5.10	5.29	5.65	6.13	6.85	7.81	9.38	12.13	16.26	21.81	29.03	29.03	29.03	29.03	29.03
    20 	[Retrieved Data]1020 (5/16/2024 10:59:31 PM)	16.69	-1.01	2.17	2.93	2.93	2.93	2.93	2.93	2.61	2.39	2.18	1.96	1.82	1.79	1.76	1.87	2.18	2.71	2.98	2.96	2.87	2.57	2.18	1.87	1.67	1.55	1.46	1.49	1.65	1.96	2.43	3.11	4.05	5.57	8.28	12.37	17.86	25.01	25.01	25.01	25.01	25.01
    21 	[Retrieved Data]1021 (5/16/2024 10:59:31 PM)	94.52	1.99	6.13	14.51	14.51	14.51	14.51	14.51	27.08	56.57	79.33	85.95	83.11	77.99	77.75	77.16	76.98	79.89	83.32	85.11	85.49	85.63	85.61	85.81	86.64	87.78	88.97	89.98	90.63	91.06	91.48	91.75	92.03	92.23	92.38	92.54	92.72	92.71	92.71	92.71	92.71	92.71
    21 	[Retrieved Data]1021 (5/16/2024 10:59:31 PM)	93.11	2.08	5.64	11.74	11.74	11.74	11.74	11.74	24.24	53.82	77.11	84.04	80.96	75.38	75.08	74.34	74.04	76.83	80.24	81.92	82.26	82.34	82.29	82.50	83.37	84.48	85.59	86.51	87.16	87.57	87.97	88.26	88.51	88.71	88.88	89.06	89.20	89.19	89.19	89.19	89.19	89.19
    22 	[Retrieved Data]1022 (5/16/2024 10:59:31 PM)	93.38	2.30	8.24	14.08	14.08	14.08	14.08	14.08	25.61	52.94	74.07	80.05	77.45	72.62	72.54	72.24	72.67	76.16	80.03	82.08	82.70	82.87	82.79	83.03	84.01	85.32	86.74	87.96	88.80	89.42	90.08	90.54	90.97	91.30	91.53	91.78	92.11	92.20	92.20	92.20	92.20	92.20
    22 	[Retrieved Data]1022 (5/16/2024 10:59:31 PM)	91.95	2.41	7.85	11.38	11.38	11.38	11.38	11.38	22.88	50.24	71.76	78.05	75.19	70.01	69.87	69.41	69.73	73.13	76.99	78.92	79.45	79.58	79.48	79.76	80.77	82.04	83.40	84.51	85.40	86.01	86.60	87.04	87.47	87.81	88.07	88.35	88.64	88.76	88.76	88.76	88.76	88.76
    23 	[Retrieved Data]1023 (5/16/2024 10:59:31 PM)	93.89	1.52	13.16	13.46	13.46	13.46	13.46	13.46	24.28	49.60	68.70	74.04	71.55	67.31	67.50	67.94	69.33	74.22	79.72	82.94	84.02	84.40	84.51	84.90	85.96	87.34	88.74	89.87	90.58	91.02	91.50	91.76	92.06	92.22	92.40	92.55	92.76	92.75	92.75	92.75	92.75	92.75
    23 	[Retrieved Data]1023 (5/16/2024 10:59:31 PM)	92.43	1.60	12.92	10.73	10.73	10.73	10.73	10.73	21.51	46.85	66.30	71.87	69.19	64.59	64.73	65.02	66.31	71.14	76.57	79.69	80.69	81.01	81.12	81.52	82.63	84.01	85.33	86.35	87.10	87.50	87.94	88.18	88.50	88.70	88.87	89.04	89.22	89.22	89.22	89.22	89.22	89.22
    24 	[Retrieved Data]1024 (5/16/2024 10:59:31 PM)	88.20	1.27	17.67	12.05	12.05	12.05	12.05	12.05	19.95	38.74	52.70	56.30	54.48	51.46	51.95	53.23	56.14	62.38	68.23	71.46	72.59	72.58	71.91	71.69	72.32	73.35	74.70	76.19	77.76	79.45	81.32	82.97	84.33	85.36	86.25	87.11	88.06	88.88	88.88	88.88	88.88	88.88
    24 	[Retrieved Data]1024 (5/16/2024 10:59:31 PM)	86.51	1.34	17.71	9.22	9.22	9.22	9.22	9.22	17.09	35.87	50.03	53.78	51.82	48.54	48.98	50.14	53.00	59.17	64.94	68.06	69.14	69.09	68.41	68.24	68.86	69.91	71.18	72.60	74.17	75.83	77.66	79.31	80.65	81.70	82.58	83.51	84.40	85.21	85.21	85.21	85.21	85.21
    25 	[Retrieved Data]1025 (5/16/2024 10:59:31 PM)	78.90	4.59	20.91	9.96	9.96	9.96	9.96	9.96	14.71	26.67	35.70	37.72	36.62	34.67	35.18	36.66	40.20	46.31	50.78	52.93	53.91	53.65	52.56	52.36	53.37	54.91	56.86	59.10	61.72	64.69	68.03	71.24	73.77	75.77	77.52	79.23	81.13	83.01	83.01	83.01	83.01	83.01
    25 	[Retrieved Data]1025 (5/16/2024 10:59:31 PM)	76.81	4.82	21.37	7.10	7.10	7.10	7.10	7.10	11.82	23.74	32.85	34.94	33.71	31.60	32.06	33.46	36.94	42.96	47.38	49.44	50.37	50.09	48.99	48.82	49.84	51.37	53.28	55.46	58.05	61.01	64.30	67.51	70.00	72.03	73.78	75.51	77.37	79.23	79.23	79.23	79.23	79.23
    26 	[Retrieved Data]1026 (5/16/2024 10:59:31 PM)	58.61	8.81	21.52	7.79	7.79	7.79	7.79	7.79	8.54	11.56	14.50	14.92	14.76	14.30	14.74	15.99	18.93	23.19	25.06	25.48	25.77	25.13	23.93	23.62	24.20	25.07	26.38	28.41	31.44	35.38	40.15	45.13	49.24	52.78	56.00	59.22	62.83	66.83	66.83	66.83	66.83	66.83
    26 	[Retrieved Data]1026 (5/16/2024 10:59:31 PM)	55.02	9.73	23.68	4.74	4.74	4.74	4.74	4.74	5.44	8.41	11.34	11.74	11.49	10.95	11.34	12.51	15.40	19.61	21.44	21.82	22.12	21.45	20.28	19.98	20.55	21.40	22.72	24.71	27.73	31.62	36.34	41.30	45.39	48.95	52.13	55.38	58.94	62.94	62.94	62.94	62.94	62.94
    27 	[Retrieved Data]1027 (5/16/2024 10:59:31 PM)	46.86	10.81	16.50	7.85	7.85	7.85	7.85	7.85	7.81	8.54	9.31	9.21	9.07	9.04	9.29	10.04	11.88	14.37	15.22	15.27	15.30	14.68	13.69	13.34	13.63	14.16	15.07	16.58	19.01	22.28	26.47	31.14	35.16	38.76	42.22	45.77	49.84	54.59	54.59	54.59	54.59	54.59
    27 	[Retrieved Data]1027 (5/16/2024 10:59:31 PM)	41.42	12.78	19.26	4.90	4.90	4.90	4.90	4.90	4.82	5.48	6.16	5.99	5.76	5.65	5.83	6.50	8.29	10.72	11.54	11.53	11.56	10.90	9.93	9.58	9.83	10.35	11.26	12.72	15.12	18.38	22.50	27.12	31.13	34.73	38.16	41.71	45.74	50.48	50.48	50.48	50.48	50.48
    28 	[Retrieved Data]1028 (5/16/2024 10:59:31 PM)	38.89	8.08	10.00	7.15	7.15	7.15	7.15	7.15	6.99	7.19	7.38	7.20	7.10	7.16	7.29	7.78	9.03	10.67	11.12	10.96	10.80	10.16	9.22	8.67	8.60	8.79	9.25	10.12	11.63	13.87	16.99	20.72	24.16	27.38	30.59	34.03	38.16	43.21	43.21	43.21	43.21	43.21
    28 	[Retrieved Data]1028 (5/16/2024 10:59:31 PM)	31.57	10.50	11.97	4.32	4.32	4.32	4.32	4.32	4.10	4.20	4.32	4.06	3.87	3.83	3.92	4.30	5.49	7.09	7.50	7.30	7.13	6.50	5.56	4.98	4.91	5.10	5.53	6.34	7.82	10.02	13.08	16.77	20.19	23.41	26.58	30.00	34.11	39.13	39.13	39.13	39.13	39.13
    29 	[Retrieved Data]1029 (5/16/2024 10:59:31 PM)	32.27	0.82	4.31	6.39	6.39	6.39	6.39	6.39	6.17	6.10	6.03	5.86	5.79	5.86	5.97	6.28	7.04	8.10	8.47	8.36	8.14	7.59	6.84	6.28	5.98	5.83	5.84	6.07	6.60	7.49	8.87	10.79	12.84	15.24	18.24	21.86	26.32	31.89	31.89	31.89	31.89	31.89
    29 	[Retrieved Data]1029 (5/16/2024 10:59:31 PM)	22.24	1.25	4.71	3.51	3.51	3.51	3.51	3.51	3.25	3.11	2.97	2.72	2.56	2.55	2.59	2.82	3.51	4.56	4.91	4.76	4.53	3.99	3.25	2.68	2.36	2.22	2.20	2.38	2.87	3.75	5.07	6.97	8.97	11.36	14.31	17.91	22.34	27.87	27.87	27.87	27.87	27.87
    30 	[Retrieved Data]1030 (5/16/2024 10:59:31 PM)	28.56	-0.08	2.64	5.57	5.57	5.57	5.57	5.57	5.35	5.20	5.08	4.95	4.90	4.94	4.99	5.17	5.52	6.04	6.32	6.32	6.22	5.94	5.56	5.25	5.07	4.97	4.95	5.03	5.23	5.56	6.08	6.82	7.81	9.42	12.30	16.60	22.35	29.71	29.71	29.71	29.71	29.71
    30 	[Retrieved Data]1030 (5/16/2024 10:59:31 PM)	16.02	-0.31	2.29	2.71	2.71	2.71	2.71	2.71	2.42	2.20	2.03	1.84	1.68	1.66	1.64	1.73	2.06	2.54	2.80	2.77	2.67	2.40	2.01	1.73	1.55	1.42	1.37	1.39	1.56	1.87	2.33	3.06	4.02	5.62	8.44	12.68	18.37	25.69	25.69	25.69	25.69	25.69
