291 	[Retrieved Data]1901 (5/14/2024 8:44:11 AM)	54.50	64.99	49.90	4.63	4.63	4.63	4.63	4.63	4.47	4.41	4.35	4.31	4.32	4.43	4.56	4.80	5.19	5.74	6.19	6.40	6.49	6.45	6.30	6.68	9.14	16.65	31.24	50.20	68.12	80.49	87.41	90.71	92.06	92.64	92.86	93.02	93.19	93.14	93.14	93.14	93.14	93.14
291 	[Retrieved Data]1901 (5/14/2024 8:44:11 AM)	50.03	71.41	66.83	1.81	1.81	1.81	1.81	1.81	1.60	1.47	1.33	1.19	1.11	1.12	1.15	1.27	1.52	1.98	2.32	2.48	2.57	2.53	2.41	2.78	5.20	12.59	27.06	45.91	63.77	76.13	83.06	86.37	87.68	88.26	88.52	88.68	88.79	88.78	88.78	88.78	88.78	88.78
292 	[Retrieved Data]1902 (5/14/2024 8:44:11 AM)	38.11	8.69	9.41	6.38	6.38	6.38	6.38	6.38	6.27	6.61	6.99	6.93	6.88	7.01	7.21	7.77	9.08	10.73	10.91	10.51	10.28	9.65	8.64	8.02	7.97	8.24	8.75	9.65	11.19	13.53	16.77	20.66	24.20	27.52	30.83	34.43	38.73	43.96	43.96	43.96	43.96	43.96
292 	[Retrieved Data]1902 (5/14/2024 8:44:11 AM)	31.08	11.35	12.12	3.41	3.41	3.41	3.41	3.41	3.25	3.56	3.91	3.76	3.67	3.71	3.87	4.33	5.64	7.26	7.44	7.02	6.80	6.19	5.20	4.59	4.55	4.80	5.30	6.16	7.70	9.99	13.20	17.07	20.56	23.88	27.18	30.78	35.03	40.22	40.22	40.22	40.22	40.22
293 	[Retrieved Data]1903 (5/14/2024 8:44:11 AM)	35.86	9.28	8.98	6.10	6.10	6.10	6.10	6.10	5.92	6.03	6.18	6.08	6.07	6.18	6.37	6.81	7.91	9.30	9.47	9.13	8.92	8.38	7.53	7.00	7.00	7.27	7.77	8.58	9.95	12.03	15.00	18.64	21.98	25.19	28.44	32.02	36.32	41.60	41.60	41.60	41.60	41.60
293 	[Retrieved Data]1903 (5/14/2024 8:44:11 AM)	27.94	12.67	12.18	3.14	3.14	3.14	3.14	3.14	2.91	3.00	3.09	2.90	2.80	2.86	2.98	3.38	4.44	5.78	5.96	5.62	5.42	4.89	4.05	3.54	3.54	3.81	4.29	5.05	6.42	8.45	11.38	14.99	18.31	21.48	24.72	28.29	32.56	37.82	37.82	37.82	37.82	37.82
294 	[Retrieved Data]1904 (5/14/2024 8:44:11 AM)	36.53	8.00	9.42	6.11	6.11	6.11	6.11	6.11	5.94	6.10	6.29	6.19	6.18	6.32	6.54	7.05	8.28	9.85	10.09	9.74	9.53	8.92	7.96	7.34	7.27	7.46	7.89	8.67	10.06	12.17	15.21	18.91	22.30	25.53	28.76	32.32	36.60	41.86	41.86	41.86	41.86	41.86
294 	[Retrieved Data]1904 (5/14/2024 8:44:11 AM)	28.94	10.83	12.63	3.18	3.18	3.18	3.18	3.18	2.96	3.08	3.20	3.03	2.94	3.02	3.18	3.63	4.82	6.37	6.61	6.25	6.03	5.43	4.51	3.90	3.85	4.04	4.43	5.19	6.56	8.65	11.63	15.29	18.63	21.86	25.05	28.62	32.87	38.09	38.09	38.09	38.09	38.09
295 	[Retrieved Data]1905 (5/14/2024 8:44:11 AM)	38.27	9.31	10.67	6.30	6.30	6.30	6.30	6.30	6.13	6.38	6.70	6.62	6.61	6.73	6.98	7.51	8.87	10.57	10.81	10.45	10.26	9.65	8.66	8.05	8.07	8.40	8.96	9.92	11.53	13.91	17.24	21.19	24.77	28.11	31.45	35.05	39.35	44.58	44.58	44.58	44.58	44.58
295 	[Retrieved Data]1905 (5/14/2024 8:44:11 AM)	31.23	12.16	13.93	3.33	3.33	3.33	3.33	3.33	3.12	3.35	3.61	3.44	3.35	3.43	3.62	4.09	5.40	7.08	7.32	6.94	6.74	6.16	5.17	4.60	4.61	4.94	5.51	6.41	8.01	10.38	13.63	17.56	21.11	24.43	27.73	31.34	35.60	40.79	40.79	40.79	40.79	40.79
296 	[Retrieved Data]1906 (5/14/2024 8:44:11 AM)	35.27	7.39	9.36	5.87	5.87	5.87	5.87	5.87	5.66	5.68	5.80	5.71	5.71	5.83	6.03	6.49	7.61	9.14	9.45	9.15	8.94	8.37	7.47	6.87	6.77	6.91	7.27	7.95	9.19	11.13	13.95	17.47	20.74	23.88	27.07	30.59	34.88	40.17	40.17	40.17	40.17	40.17
296 	[Retrieved Data]1906 (5/14/2024 8:44:11 AM)	27.30	10.26	13.06	2.91	2.91	2.91	2.91	2.91	2.67	2.69	2.74	2.57	2.47	2.55	2.70	3.09	4.17	5.69	5.99	5.69	5.50	4.94	4.04	3.47	3.39	3.52	3.87	4.51	5.72	7.64	10.42	13.91	17.14	20.25	23.43	26.94	31.19	36.46	36.46	36.46	36.46	36.46
297 	[Retrieved Data]1907 (5/14/2024 8:44:11 AM)	36.88	9.04	10.69	5.96	5.96	5.96	5.96	5.96	5.77	5.94	6.12	6.03	6.02	6.16	6.37	6.86	8.09	9.72	10.04	9.75	9.56	8.97	8.03	7.43	7.43	7.71	8.21	9.09	10.58	12.83	15.96	19.78	23.24	26.52	29.78	33.36	37.66	42.92	42.92	42.92	42.92	42.92
297 	[Retrieved Data]1907 (5/14/2024 8:44:11 AM)	29.54	12.00	14.53	3.00	3.00	3.00	3.00	3.00	2.79	2.92	3.06	2.89	2.80	2.89	3.05	3.48	4.66	6.27	6.61	6.30	6.13	5.54	4.62	4.06	4.05	4.31	4.83	5.66	7.12	9.33	12.44	16.19	19.63	22.89	26.14	29.72	33.96	39.20	39.20	39.20	39.20	39.20
298 	[Retrieved Data]1908 (5/14/2024 8:44:11 AM)	38.55	10.47	12.07	6.04	6.04	6.04	6.04	6.04	5.89	6.16	6.48	6.40	6.39	6.49	6.72	7.24	8.56	10.29	10.64	10.35	10.20	9.62	8.67	8.13	8.24	8.67	9.35	10.40	12.11	14.59	17.96	22.00	25.60	28.97	32.29	35.93	40.25	45.45	45.45	45.45	45.45	45.45
298 	[Retrieved Data]1908 (5/14/2024 8:44:11 AM)	31.69	13.48	15.97	3.08	3.08	3.08	3.08	3.08	2.92	3.14	3.40	3.26	3.16	3.22	3.38	3.86	5.12	6.83	7.18	6.89	6.74	6.19	5.24	4.72	4.83	5.24	5.92	6.92	8.61	11.08	14.43	18.43	22.02	25.36	28.70	32.27	36.53	41.75	41.75	41.75	41.75	41.75
299 	[Retrieved Data]1909 (5/14/2024 8:44:11 AM)	35.39	7.45	7.95	6.18	6.18	6.18	6.18	6.18	6.00	6.09	6.23	6.13	6.10	6.24	6.42	6.87	7.98	9.40	9.59	9.23	8.99	8.40	7.50	6.90	6.78	6.94	7.30	8.00	9.23	11.16	13.96	17.43	20.66	23.77	26.93	30.42	34.67	39.90	39.90	39.90	39.90	39.90
299 	[Retrieved Data]1909 (5/14/2024 8:44:11 AM)	27.35	10.36	10.62	3.26	3.26	3.26	3.26	3.26	3.02	3.07	3.18	2.97	2.88	2.94	3.07	3.45	4.53	5.89	6.09	5.74	5.50	4.93	4.03	3.45	3.37	3.51	3.86	4.50	5.72	7.61	10.35	13.80	17.03	20.10	23.22	26.71	30.91	36.10	36.10	36.10	36.10	36.10
300 	[Retrieved Data]1910 (5/14/2024 8:44:11 AM)	35.54	8.31	8.33	6.23	6.23	6.23	6.23	6.23	6.02	6.09	6.21	6.09	6.09	6.21	6.39	6.84	7.93	9.32	9.50	9.15	8.93	8.36	7.49	6.91	6.85	7.06	7.48	8.23	9.53	11.51	14.37	17.92	21.21	24.35	27.55	31.08	35.36	40.63	40.63	40.63	40.63	40.63
300 	[Retrieved Data]1910 (5/14/2024 8:44:11 AM)	27.56	11.48	11.18	3.27	3.27	3.27	3.27	3.27	3.02	3.07	3.14	2.95	2.85	2.91	3.05	3.43	4.48	5.84	6.01	5.64	5.43	4.89	4.03	3.48	3.44	3.62	4.02	4.74	6.01	7.98	10.79	14.32	17.57	20.67	23.87	27.38	31.63	36.87	36.87	36.87	36.87	36.87
301 	[Retrieved Data]1911 (5/14/2024 8:44:11 AM)	37.08	9.60	9.68	6.30	6.30	6.30	6.30	6.30	6.10	6.27	6.49	6.39	6.37	6.50	6.73	7.20	8.41	9.93	10.10	9.73	9.54	8.96	8.04	7.50	7.52	7.84	8.38	9.27	10.80	13.04	16.22	20.06	23.52	26.81	30.09	33.67	37.96	43.18	43.18	43.18	43.18	43.18
301 	[Retrieved Data]1911 (5/14/2024 8:44:11 AM)	29.71	12.75	12.78	3.37	3.37	3.37	3.37	3.37	3.13	3.26	3.42	3.24	3.14	3.22	3.39	3.80	4.98	6.48	6.64	6.26	6.06	5.49	4.60	4.05	4.10	4.40	4.94	5.81	7.28	9.55	12.64	16.45	19.89	23.14	26.40	29.98	34.22	39.42	39.42	39.42	39.42	39.42
302 	[Retrieved Data]1912 (5/14/2024 8:44:11 AM)	38.07	8.62	10.14	6.44	6.44	6.44	6.44	6.44	6.26	6.46	6.75	6.64	6.64	6.78	7.04	7.59	8.92	10.62	10.86	10.48	10.28	9.65	8.64	8.01	7.96	8.23	8.74	9.65	11.20	13.54	16.78	20.69	24.22	27.53	30.82	34.44	38.73	43.94	43.94	43.94	43.94	43.94
302 	[Retrieved Data]1912 (5/14/2024 8:44:11 AM)	31.00	11.33	13.10	3.52	3.52	3.52	3.52	3.52	3.30	3.47	3.70	3.52	3.42	3.48	3.68	4.17	5.48	7.14	7.37	6.99	6.76	6.16	5.17	4.56	4.54	4.78	5.29	6.15	7.69	10.00	13.19	17.06	20.56	23.84	27.14	30.73	34.97	40.16	40.16	40.16	40.16	40.16
303 	[Retrieved Data]1913 (5/14/2024 8:44:11 AM)	35.79	9.06	9.54	6.02	6.02	6.02	6.02	6.02	5.81	5.87	6.00	5.88	5.89	6.02	6.21	6.67	7.78	9.23	9.44	9.12	8.93	8.39	7.52	6.99	6.98	7.25	7.73	8.52	9.90	11.96	14.92	18.54	21.88	25.08	28.32	31.89	36.21	41.48	41.48	41.48	41.48	41.48
303 	[Retrieved Data]1913 (5/14/2024 8:44:11 AM)	27.97	12.37	13.05	3.07	3.07	3.07	3.07	3.07	2.84	2.89	2.94	2.74	2.66	2.73	2.88	3.26	4.32	5.76	5.98	5.64	5.47	4.93	4.10	3.56	3.56	3.85	4.29	5.05	6.39	8.46	11.36	14.95	18.28	21.44	24.67	28.23	32.49	37.75	37.75	37.75	37.75	37.75
304 	[Retrieved Data]1914 (5/14/2024 8:44:11 AM)	36.62	8.10	10.10	6.04	6.04	6.04	6.04	6.04	5.85	5.96	6.14	6.05	6.06	6.18	6.41	6.90	8.16	9.77	10.09	9.76	9.56	8.97	8.00	7.37	7.31	7.54	7.97	8.78	10.17	12.29	15.35	19.08	22.49	25.71	28.96	32.53	36.79	42.04	42.04	42.04	42.04	42.04
304 	[Retrieved Data]1914 (5/14/2024 8:44:11 AM)	29.12	10.92	13.65	3.10	3.10	3.10	3.10	3.10	2.88	2.97	3.06	2.91	2.83	2.89	3.07	3.52	4.71	6.32	6.61	6.29	6.10	5.50	4.55	3.97	3.91	4.13	4.56	5.31	6.70	8.80	11.78	15.49	18.88	22.07	25.29	28.85	33.09	38.30	38.30	38.30	38.30	38.30
305 	[Retrieved Data]1915 (5/14/2024 8:44:11 AM)	38.27	9.40	11.68	6.07	6.07	6.07	6.07	6.07	5.91	6.15	6.42	6.33	6.34	6.46	6.70	7.26	8.60	10.40	10.76	10.44	10.26	9.66	8.65	8.04	8.05	8.39	8.99	9.98	11.61	14.04	17.36	21.35	24.94	28.28	31.60	35.22	39.53	44.74	44.74	44.74	44.74	44.74
305 	[Retrieved Data]1915 (5/14/2024 8:44:11 AM)	31.34	12.18	15.41	3.14	3.14	3.14	3.14	3.14	2.93	3.13	3.36	3.21	3.13	3.20	3.38	3.88	5.18	6.96	7.29	6.98	6.81	6.22	5.23	4.63	4.65	4.99	5.56	6.50	8.14	10.51	13.82	17.75	21.33	24.64	27.96	31.55	35.84	41.01	41.01	41.01	41.01	41.01
306 	[Retrieved Data]1916 (5/14/2024 8:44:11 AM)	30.62	4.43	4.71	5.48	5.48	5.48	5.48	5.48	5.28	5.26	5.29	5.17	5.14	5.19	5.31	5.57	6.20	7.06	7.25	7.04	6.87	6.46	5.86	5.45	5.33	5.37	5.50	5.83	6.43	7.40	8.94	10.97	13.14	15.79	19.29	23.60	28.77	34.99	34.99	34.99	34.99	34.99
306 	[Retrieved Data]1916 (5/14/2024 8:44:11 AM)	20.55	7.20	6.81	2.60	2.60	2.60	2.60	2.60	2.38	2.32	2.27	2.08	1.97	1.96	2.02	2.23	2.81	3.67	3.84	3.65	3.49	3.10	2.53	2.12	2.02	2.06	2.15	2.43	3.02	4.01	5.47	7.51	9.67	12.26	15.74	20.02	25.14	31.30	31.30	31.30	31.30	31.30
307 	[Retrieved Data]1917 (5/14/2024 8:44:11 AM)	36.82	8.14	8.89	6.41	6.41	6.41	6.41	6.41	6.22	6.38	6.59	6.47	6.45	6.59	6.80	7.30	8.49	10.03	10.25	9.88	9.66	9.04	8.08	7.46	7.42	7.63	8.07	8.88	10.26	12.39	15.40	19.08	22.48	25.67	28.90	32.47	36.72	41.94	41.94	41.94	41.94	41.94
307 	[Retrieved Data]1917 (5/14/2024 8:44:11 AM)	29.30	10.98	11.51	3.49	3.49	3.49	3.49	3.49	3.27	3.38	3.53	3.34	3.25	3.30	3.47	3.87	5.03	6.55	6.74	6.39	6.16	5.55	4.60	4.00	3.95	4.18	4.61	5.38	6.74	8.83	11.80	15.45	18.82	21.96	25.19	28.73	32.94	38.15	38.15	38.15	38.15	38.15
308 	[Retrieved Data]1918 (5/14/2024 8:44:11 AM)	36.92	8.71	9.00	6.53	6.53	6.53	6.53	6.53	6.32	6.43	6.62	6.49	6.48	6.60	6.81	7.30	8.47	9.99	10.17	9.82	9.60	9.00	8.08	7.50	7.47	7.71	8.18	9.03	10.46	12.62	15.67	19.42	22.83	26.04	29.30	32.87	37.12	42.34	42.34	42.34	42.34	42.34
308 	[Retrieved Data]1918 (5/14/2024 8:44:11 AM)	29.33	11.74	11.80	3.54	3.54	3.54	3.54	3.54	3.30	3.40	3.51	3.28	3.20	3.26	3.43	3.85	5.00	6.49	6.64	6.27	6.05	5.47	4.56	3.99	3.98	4.21	4.68	5.50	6.90	9.03	12.05	15.76	19.10	22.33	25.54	29.08	33.30	38.51	38.51	38.51	38.51	38.51
309 	[Retrieved Data]1919 (5/14/2024 8:44:11 AM)	38.53	10.17	10.27	6.61	6.61	6.61	6.61	6.61	6.43	6.66	6.97	6.85	6.85	6.96	7.20	7.74	9.03	10.63	10.79	10.41	10.22	9.63	8.70	8.14	8.21	8.60	9.23	10.23	11.90	14.33	17.72	21.73	25.33	28.66	32.01	35.65	39.93	45.12	45.12	45.12	45.12	45.12
309 	[Retrieved Data]1919 (5/14/2024 8:44:11 AM)	31.59	13.19	13.16	3.68	3.68	3.68	3.68	3.68	3.45	3.65	3.90	3.71	3.61	3.68	3.86	4.33	5.59	7.17	7.32	6.91	6.73	6.14	5.22	4.68	4.77	5.15	5.76	6.75	8.40	10.80	14.13	18.10	21.69	24.99	28.32	31.93	36.17	41.36	41.36	41.36	41.36	41.36
310 	[Retrieved Data]1920 (5/14/2024 8:44:11 AM)	35.59	8.37	9.27	6.03	6.03	6.03	6.03	6.03	5.82	5.88	5.97	5.85	5.86	5.99	6.20	6.64	7.76	9.22	9.47	9.15	8.95	8.39	7.50	6.94	6.88	7.10	7.52	8.28	9.60	11.61	14.52	18.10	21.41	24.58	27.79	31.36	35.67	40.92	40.92	40.92	40.92	40.92
310 	[Retrieved Data]1920 (5/14/2024 8:44:11 AM)	27.72	11.50	12.61	3.13	3.13	3.13	3.13	3.13	2.88	2.90	2.92	2.73	2.67	2.71	2.88	3.27	4.34	5.77	6.02	5.69	5.48	4.93	4.08	3.52	3.49	3.71	4.11	4.83	6.12	8.10	10.96	14.52	17.77	20.93	24.12	27.67	31.93	37.16	37.16	37.16	37.16	37.16
311 	[Retrieved Data]1921 (5/14/2024 8:44:11 AM)	37.21	9.70	10.52	6.16	6.16	6.16	6.16	6.16	5.98	6.10	6.32	6.21	6.21	6.33	6.55	7.06	8.29	9.88	10.12	9.77	9.59	9.01	8.11	7.55	7.58	7.92	8.49	9.41	10.95	13.23	16.43	20.29	23.80	27.06	30.35	33.94	38.22	43.44	43.44	43.44	43.44	43.44
311 	[Retrieved Data]1921 (5/14/2024 8:44:11 AM)	29.82	12.91	14.10	3.19	3.19	3.19	3.19	3.19	2.98	3.08	3.21	3.03	2.95	3.02	3.20	3.65	4.81	6.40	6.62	6.27	6.08	5.52	4.63	4.09	4.12	4.48	5.03	5.91	7.43	9.68	12.84	16.68	20.16	23.40	26.66	30.22	34.48	39.71	39.71	39.71	39.71	39.71
312 	[Retrieved Data]1922 (5/14/2024 8:44:11 AM)	37.99	8.50	11.00	6.16	6.16	6.16	6.16	6.16	6.00	6.20	6.46	6.38	6.38	6.50	6.76	7.32	8.68	10.46	10.78	10.45	10.25	9.62	8.62	7.97	7.94	8.21	8.71	9.62	11.16	13.46	16.73	20.63	24.16	27.48	30.79	34.40	38.70	43.92	43.92	43.92	43.92	43.92
312 	[Retrieved Data]1922 (5/14/2024 8:44:11 AM)	30.89	11.16	14.51	3.21	3.21	3.21	3.21	3.21	3.01	3.19	3.39	3.22	3.14	3.21	3.41	3.91	5.21	6.97	7.30	6.95	6.77	6.14	5.15	4.53	4.51	4.77	5.24	6.12	7.64	9.94	13.14	17.02	20.53	23.80	27.11	30.71	34.96	40.17	40.17	40.17	40.17	40.17
313 	[Retrieved Data]1923 (5/14/2024 8:44:11 AM)	35.87	9.48	10.40	5.78	5.78	5.78	5.78	5.78	5.62	5.70	5.83	5.73	5.73	5.83	6.03	6.47	7.55	9.03	9.35	9.09	8.92	8.38	7.52	6.99	7.01	7.33	7.86	8.70	10.09	12.19	15.16	18.80	22.15	25.34	28.61	32.24	36.57	41.88	41.88	41.88	41.88	41.88
313 	[Retrieved Data]1923 (5/14/2024 8:44:11 AM)	28.05	12.88	14.43	2.82	2.82	2.82	2.82	2.82	2.61	2.67	2.75	2.59	2.50	2.54	2.69	3.05	4.08	5.54	5.86	5.61	5.45	4.92	4.09	3.56	3.60	3.92	4.39	5.21	6.57	8.65	11.58	15.20	18.53	21.69	24.95	28.55	32.86	38.13	38.13	38.13	38.13	38.13
314 	[Retrieved Data]1924 (5/14/2024 8:44:11 AM)	23.38	2.60	0.54	4.25	4.25	4.25	4.25	4.25	4.09	3.98	3.93	3.87	3.83	3.78	3.76	3.75	3.73	3.72	3.71	3.70	3.70	3.72	3.78	3.84	3.91	3.97	4.01	4.10	4.15	4.24	4.31	4.39	4.49	4.67	5.20	6.49	9.38	15.49	15.49	15.49	15.49	15.49
314 	[Retrieved Data]1924 (5/14/2024 8:44:11 AM)	4.55	2.38	-3.37	1.27	1.27	1.27	1.27	1.27	1.10	1.01	0.90	0.78	0.73	0.67	0.64	0.61	0.57	0.57	0.55	0.52	0.49	0.47	0.46	0.45	0.46	0.46	0.44	0.44	0.45	0.49	0.51	0.58	0.65	0.77	1.27	2.49	5.33	11.31	11.31	11.31	11.31	11.31
315 	[Retrieved Data]1925 (5/14/2024 8:44:11 AM)	42.53	-49.54	23.53	4.80	4.80	4.80	4.80	4.80	4.69	4.59	4.54	4.49	4.55	4.64	4.82	5.24	6.62	12.67	24.94	32.81	30.53	22.52	14.17	8.17	5.23	4.29	4.11	4.17	4.35	4.65	5.20	6.16	7.30	8.67	10.29	12.37	15.36	19.56	19.56	19.56	19.56	19.56
315 	[Retrieved Data]1925 (5/14/2024 8:44:11 AM)	36.64	-67.65	32.49	1.79	1.79	1.79	1.79	1.79	1.63	1.53	1.42	1.31	1.27	1.29	1.41	1.76	3.07	9.07	21.28	29.06	26.81	18.88	10.66	4.80	1.94	1.01	0.76	0.75	0.85	1.11	1.62	2.53	3.68	4.99	6.61	8.66	11.58	15.77	15.77	15.77	15.77	15.77
316 	[Retrieved Data]1926 (5/14/2024 8:44:11 AM)	38.45	9.53	9.86	6.57	6.57	6.57	6.57	6.57	6.43	6.70	7.04	6.94	6.92	7.04	7.27	7.80	9.10	10.72	10.92	10.52	10.32	9.70	8.73	8.14	8.15	8.49	9.07	10.04	11.68	14.07	17.39	21.36	24.91	28.25	31.59	35.19	39.48	44.67	44.67	44.67	44.67	44.67
316 	[Retrieved Data]1926 (5/14/2024 8:44:11 AM)	31.49	12.39	12.59	3.64	3.64	3.64	3.64	3.64	3.46	3.69	3.98	3.78	3.71	3.74	3.92	4.38	5.65	7.24	7.41	7.02	6.81	6.21	5.27	4.68	4.72	5.04	5.61	6.55	8.15	10.52	13.78	17.74	21.26	24.56	27.88	31.47	35.73	40.90	40.90	40.90	40.90	40.90
317 	[Retrieved Data]1927 (5/14/2024 8:44:11 AM)	35.32	7.36	8.65	6.08	6.08	6.08	6.08	6.08	5.88	5.92	6.02	5.90	5.90	6.02	6.22	6.68	7.80	9.26	9.51	9.20	8.98	8.39	7.48	6.88	6.78	6.93	7.27	7.96	9.21	11.10	13.92	17.42	20.66	23.77	26.94	30.42	34.68	39.93	39.93	39.93	39.93	39.93
317 	[Retrieved Data]1927 (5/14/2024 8:44:11 AM)	27.36	10.29	11.76	3.15	3.15	3.15	3.15	3.15	2.91	2.91	2.97	2.77	2.69	2.75	2.91	3.31	4.35	5.82	6.07	5.73	5.50	4.94	4.05	3.46	3.39	3.54	3.87	4.53	5.74	7.63	10.38	13.85	17.09	20.15	23.32	26.79	31.01	36.23	36.23	36.23	36.23	36.23
318 	[Retrieved Data]1928 (5/14/2024 8:44:11 AM)	36.93	9.02	9.89	6.17	6.17	6.17	6.17	6.17	5.99	6.15	6.37	6.25	6.24	6.38	6.60	7.09	8.31	9.88	10.11	9.77	9.58	8.97	8.04	7.45	7.44	7.74	8.25	9.12	10.58	12.78	15.90	19.68	23.15	26.38	29.64	33.23	37.52	42.75	42.75	42.75	42.75	42.75
318 	[Retrieved Data]1928 (5/14/2024 8:44:11 AM)	29.47	12.06	13.18	3.23	3.23	3.23	3.23	3.23	3.02	3.11	3.28	3.09	3.03	3.06	3.25	3.68	4.84	6.39	6.63	6.28	6.07	5.49	4.58	4.01	4.02	4.31	4.77	5.61	7.08	9.25	12.31	16.08	19.51	22.71	25.96	29.52	33.77	38.96	38.96	38.96	38.96	38.96
319 	[Retrieved Data]1929 (5/14/2024 8:44:11 AM)	38.58	10.45	11.21	6.25	6.25	6.25	6.25	6.25	6.11	6.38	6.73	6.63	6.62	6.72	6.96	7.50	8.83	10.51	10.74	10.38	10.21	9.62	8.68	8.13	8.23	8.65	9.30	10.36	12.08	14.54	17.95	22.00	25.60	28.99	32.33	35.95	40.26	45.46	45.46	45.46	45.46	45.46
319 	[Retrieved Data]1929 (5/14/2024 8:44:11 AM)	31.70	13.50	14.66	3.28	3.28	3.28	3.28	3.28	3.13	3.37	3.64	3.48	3.39	3.43	3.62	4.09	5.37	7.04	7.28	6.90	6.72	6.15	5.24	4.70	4.80	5.23	5.86	6.88	8.59	11.02	14.38	18.41	21.99	25.33	28.66	32.28	36.55	41.73	41.73	41.73	41.73	41.73
320 	[Retrieved Data]1930 (5/14/2024 8:44:11 AM)	35.48	8.49	9.76	5.81	5.81	5.81	5.81	5.81	5.63	5.69	5.82	5.71	5.72	5.82	6.03	6.47	7.57	9.04	9.34	9.05	8.86	8.32	7.44	6.89	6.87	7.11	7.55	8.29	9.60	11.59	14.46	18.02	21.30	24.46	27.71	31.30	35.63	40.96	40.96	40.96	40.96	40.96
320 	[Retrieved Data]1930 (5/14/2024 8:44:11 AM)	27.56	11.69	13.59	2.85	2.85	2.85	2.85	2.85	2.64	2.68	2.75	2.57	2.48	2.54	2.69	3.07	4.12	5.59	5.87	5.58	5.40	4.87	4.02	3.48	3.46	3.71	4.12	4.84	6.11	8.09	10.89	14.46	17.69	20.84	24.07	27.65	31.94	37.24	37.24	37.24	37.24	37.24
321 	[Retrieved Data]1931 (5/14/2024 8:44:11 AM)	37.00	10.04	10.84	5.91	5.91	5.91	5.91	5.91	5.76	5.93	6.17	6.08	6.07	6.18	6.37	6.86	8.04	9.62	9.92	9.60	9.44	8.88	7.98	7.42	7.48	7.85	8.44	9.36	10.92	13.19	16.41	20.27	23.73	27.03	30.30	33.90	38.19	43.43	43.43	43.43	43.43	43.43
321 	[Retrieved Data]1931 (5/14/2024 8:44:11 AM)	29.62	13.28	14.64	2.97	2.97	2.97	2.97	2.97	2.79	2.93	3.10	2.94	2.85	2.88	3.04	3.46	4.59	6.15	6.47	6.14	5.97	5.43	4.55	4.00	4.07	4.42	4.99	5.89	7.42	9.66	12.84	16.64	20.13	23.36	26.66	30.22	34.47	39.69	39.69	39.69	39.69	39.69
322 	[Retrieved Data]1932 (5/14/2024 8:44:11 AM)	27.52	23.57	-44.32	11.29	11.29	11.29	11.29	11.29	14.04	21.55	30.81	31.37	27.10	20.78	15.70	11.37	8.88	7.04	5.81	5.22	4.97	4.73	4.45	4.24	4.15	4.16	4.20	4.30	4.49	4.85	5.50	6.58	7.83	9.28	10.97	13.19	16.42	20.99	20.99	20.99	20.99	20.99
322 	[Retrieved Data]1932 (5/14/2024 8:44:11 AM)	14.91	39.16	-59.45	8.15	8.15	8.15	8.15	8.15	10.87	18.30	27.55	28.06	23.76	17.40	12.32	7.98	5.51	3.70	2.47	1.86	1.60	1.37	1.12	0.90	0.82	0.79	0.79	0.85	0.99	1.32	1.93	2.99	4.20	5.63	7.34	9.52	12.72	17.25	17.25	17.25	17.25	17.25
